1 60 1 2
2 60 2 3
3 60 4 5
4 60 5 6
5 60 7 8
6 60 8 9
7 60 10 11
8 60 11 12
9 60 13 14
10 60 14 15
11 60 16 17
12 60 17 18
13 60 19 20
14 60 20 21
15 60 22 23
16 60 23 24
17 60 25 26
18 60 26 27
19 60 28 29
20 60 29 30
21 60 31 32
22 60 32 33
23 60 34 35
24 60 35 36
25 60 37 38
26 60 38 39
27 60 40 41
28 60 41 42
29 60 43 44
30 60 44 45
31 60 46 47
32 60 47 48
33 60 49 50
34 60 50 51
35 60 52 53
36 60 53 54
37 60 55 56
38 60 56 57
39 60 58 59
40 60 59 60
41 60 61 62
42 60 62 63
43 60 64 65
44 60 65 66
45 60 67 68
46 60 68 69
47 60 70 71
48 60 71 72
49 60 73 74
50 60 74 75
51 60 76 77
52 60 77 78
53 60 79 80
54 60 80 81
55 60 82 83
56 60 83 84
57 60 85 86
58 60 86 87
59 60 88 89
60 60 89 90
61 60 91 92
62 60 92 93
63 60 94 95
64 60 95 96
65 60 97 98
66 60 98 99
67 60 100 101
68 60 101 102
69 60 103 104
70 60 104 105
71 60 106 107
72 60 107 108
73 60 109 110
74 60 110 111
75 60 112 113
76 60 113 114
77 60 115 116
78 60 116 117
79 60 118 119
80 60 119 120
81 60 121 122
82 60 122 123
83 60 124 125
84 60 125 126
85 60 127 128
86 60 128 129
87 60 130 131
88 60 131 132
89 60 133 134
90 60 134 135
91 60 136 137
92 60 137 138
93 60 139 140
94 60 140 141
95 60 142 143
96 60 143 144
97 60 145 146
98 60 146 147
99 60 148 149
100 60 149 150
101 60 151 152
102 60 152 153
103 60 154 155
104 60 155 156
105 60 157 158
106 60 158 159
107 60 160 161
108 60 161 162
109 60 163 164
110 60 164 165
111 60 166 167
112 60 167 168
113 60 169 170
114 60 170 171
115 60 172 173
116 60 173 174
117 60 175 176
118 60 176 177
119 60 178 179
120 60 179 180
121 60 181 182
122 60 182 183
123 60 184 185
124 60 185 186
125 60 187 188
126 60 188 189
127 60 190 191
128 60 191 192
129 60 193 194
130 60 194 195
131 60 196 197
132 60 197 198
133 60 199 200
134 60 200 201
135 60 202 203
136 60 203 204
137 60 205 206
138 60 206 207
139 60 208 209
140 60 209 210
141 60 211 212
142 60 212 213
143 60 214 215
144 60 215 216
145 60 217 218
146 60 218 219
147 60 220 221
148 60 221 222
149 60 223 224
150 60 224 225
151 60 226 227
152 60 227 228
153 60 229 230
154 60 230 231
155 60 232 233
156 60 233 234
157 60 235 236
158 60 236 237
159 60 238 239
160 60 239 240
161 60 241 242
162 60 242 243
163 60 244 245
164 60 245 246
165 60 247 248
166 60 248 249
167 60 250 251
168 60 251 252
169 60 253 254
170 60 254 255
171 60 256 257
172 60 257 258
173 60 259 260
174 60 260 261
175 60 262 263
176 60 263 264
177 60 265 266
178 60 266 267
179 60 268 269
180 60 269 270
181 60 271 272
182 60 272 273
183 60 274 275
184 60 275 276
185 60 277 278
186 60 278 279
187 60 280 281
188 60 281 282
189 60 283 284
190 60 284 285
191 60 286 287
192 60 287 288
193 60 289 290
194 60 290 291
195 60 292 293
196 60 293 294
197 60 295 296
198 60 296 297
199 60 298 299
200 60 299 300
201 60 301 302
202 60 302 303
203 60 304 305
204 60 305 306
205 60 307 308
206 60 308 309
207 60 310 311
208 60 311 312
209 60 313 314
210 60 314 315
211 60 316 317
212 60 317 318
213 60 319 320
214 60 320 321
215 60 322 323
216 60 323 324
217 60 325 326
218 60 326 327
219 60 328 329
220 60 329 330
221 60 331 332
222 60 332 333
223 60 334 335
224 60 335 336
225 60 337 338
226 60 338 339
227 60 340 341
228 60 341 342
229 60 343 344
230 60 344 345
231 60 346 347
232 60 347 348
233 60 349 350
234 60 350 351
235 60 352 353
236 60 353 354
237 60 355 356
238 60 356 357
239 60 358 359
240 60 359 360
241 60 361 362
242 60 362 363
243 60 364 365
244 60 365 366
245 60 367 368
246 60 368 369
247 60 370 371
248 60 371 372
249 60 373 374
250 60 374 375
251 60 376 377
252 60 377 378
253 60 379 380
254 60 380 381
255 60 382 383
256 60 383 384
257 60 385 386
258 60 386 387
259 60 388 389
260 60 389 390
261 60 391 392
262 60 392 393
263 60 394 395
264 60 395 396
265 60 397 398
266 60 398 399
267 60 400 401
268 60 401 402
269 60 403 404
270 60 404 405
271 60 406 407
272 60 407 408
273 60 409 410
274 60 410 411
275 60 412 413
276 60 413 414
277 60 415 416
278 60 416 417
279 60 418 419
280 60 419 420
281 60 421 422
282 60 422 423
283 60 424 425
284 60 425 426
285 60 427 428
286 60 428 429
287 60 430 431
288 60 431 432
289 60 433 434
290 60 434 435
291 60 436 437
292 60 437 438
293 60 439 440
294 60 440 441
295 60 442 443
296 60 443 444
297 60 445 446
298 60 446 447
299 60 448 449
300 60 449 450
301 60 451 452
302 60 452 453
303 60 454 455
304 60 455 456
305 60 457 458
306 60 458 459
307 60 460 461
308 60 461 462
309 60 463 464
310 60 464 465
311 60 466 467
312 60 467 468
313 60 469 470
314 60 470 471
315 60 472 473
316 60 473 474
317 60 475 476
318 60 476 477
319 60 478 479
320 60 479 480
321 60 481 482
322 60 482 483
323 60 484 485
324 60 485 486
325 60 487 488
326 60 488 489
327 60 490 491
328 60 491 492
329 60 493 494
330 60 494 495
331 60 496 497
332 60 497 498
333 60 499 500
334 60 500 501
335 60 502 503
336 60 503 504
337 60 505 506
338 60 506 507
339 60 508 509
340 60 509 510
341 60 511 512
342 60 512 513
343 60 514 515
344 60 515 516
345 60 517 518
346 60 518 519
347 60 520 521
348 60 521 522
349 60 523 524
350 60 524 525
351 60 526 527
352 60 527 528
353 60 529 530
354 60 530 531
355 60 532 533
356 60 533 534
357 60 535 536
358 60 536 537
359 60 538 539
360 60 539 540
361 60 541 542
362 60 542 543
363 60 544 545
364 60 545 546
365 60 547 548
366 60 548 549
367 60 550 551
368 60 551 552
369 60 553 554
370 60 554 555
371 60 556 557
372 60 557 558
373 60 559 560
374 60 560 561
375 60 562 563
376 60 563 564
377 60 565 566
378 60 566 567
379 60 568 569
380 60 569 570
381 60 571 572
382 60 572 573
383 60 574 575
384 60 575 576
385 60 577 578
386 60 578 579
387 60 580 581
388 60 581 582
389 60 583 584
390 60 584 585
391 60 586 587
392 60 587 588
393 60 589 590
394 60 590 591
395 60 592 593
396 60 593 594
397 60 595 596
398 60 596 597
399 60 598 599
400 60 599 600
401 60 601 602
402 60 602 603
403 60 604 605
404 60 605 606
405 60 607 608
406 60 608 609
407 60 610 611
408 60 611 612
409 60 613 614
410 60 614 615
411 60 616 617
412 60 617 618
413 60 619 620
414 60 620 621
415 60 622 623
416 60 623 624
417 60 625 626
418 60 626 627
419 60 628 629
420 60 629 630
421 60 631 632
422 60 632 633
423 60 634 635
424 60 635 636
425 60 637 638
426 60 638 639
427 60 640 641
428 60 641 642
429 60 643 644
430 60 644 645
431 60 646 647
432 60 647 648
433 60 649 650
434 60 650 651
435 60 652 653
436 60 653 654
437 60 655 656
438 60 656 657
439 60 658 659
440 60 659 660
441 60 661 662
442 60 662 663
443 60 664 665
444 60 665 666
445 60 667 668
446 60 668 669
447 60 670 671
448 60 671 672
449 60 673 674
450 60 674 675
451 60 676 677
452 60 677 678
453 60 679 680
454 60 680 681
455 60 682 683
456 60 683 684
457 60 685 686
458 60 686 687
459 60 688 689
460 60 689 690
461 60 691 692
462 60 692 693
463 60 694 695
464 60 695 696
465 60 697 698
466 60 698 699
467 60 700 701
468 60 701 702
469 60 703 704
470 60 704 705
471 60 706 707
472 60 707 708
473 60 709 710
474 60 710 711
475 60 712 713
476 60 713 714
477 60 715 716
478 60 716 717
479 60 718 719
480 60 719 720
481 60 721 722
482 60 722 723
483 60 724 725
484 60 725 726
485 60 727 728
486 60 728 729
487 60 730 731
488 60 731 732
489 60 733 734
490 60 734 735
491 60 736 737
492 60 737 738
493 60 739 740
494 60 740 741
495 60 742 743
496 60 743 744
497 60 745 746
498 60 746 747
499 60 748 749
500 60 749 750
501 60 751 752
502 60 752 753
503 60 754 755
504 60 755 756
505 60 757 758
506 60 758 759
507 60 760 761
508 60 761 762
509 60 763 764
510 60 764 765
511 60 766 767
512 60 767 768
513 60 769 770
514 60 770 771
515 60 772 773
516 60 773 774
517 60 775 776
518 60 776 777
519 60 778 779
520 60 779 780
521 60 781 782
522 60 782 783
523 60 784 785
524 60 785 786
525 60 787 788
526 60 788 789
527 60 790 791
528 60 791 792
529 60 793 794
530 60 794 795
531 60 796 797
532 60 797 798
533 60 799 800
534 60 800 801
535 60 802 803
536 60 803 804
537 60 805 806
538 60 806 807
539 60 808 809
540 60 809 810
541 60 811 812
542 60 812 813
543 60 814 815
544 60 815 816
545 60 817 818
546 60 818 819
547 60 820 821
548 60 821 822
549 60 823 824
550 60 824 825
551 60 826 827
552 60 827 828
553 60 829 830
554 60 830 831
555 60 832 833
556 60 833 834
557 60 835 836
558 60 836 837
559 60 838 839
560 60 839 840
561 60 841 842
562 60 842 843
563 60 844 845
564 60 845 846
565 60 847 848
566 60 848 849
567 60 850 851
568 60 851 852
569 60 853 854
570 60 854 855
571 60 856 857
572 60 857 858
573 60 859 860
574 60 860 861
575 60 862 863
576 60 863 864
577 60 865 866
578 60 866 867
579 60 868 869
580 60 869 870
581 60 871 872
582 60 872 873
583 60 874 875
584 60 875 876
585 60 877 878
586 60 878 879
587 60 880 881
588 60 881 882
589 60 883 884
590 60 884 885
591 60 886 887
592 60 887 888
593 60 889 890
594 60 890 891
595 60 892 893
596 60 893 894
597 60 895 896
598 60 896 897
599 60 898 899
600 60 899 900
601 60 901 902
602 60 902 903
603 60 904 905
604 60 905 906
605 60 907 908
606 60 908 909
607 60 910 911
608 60 911 912
609 60 913 914
610 60 914 915
611 60 916 917
612 60 917 918
613 60 919 920
614 60 920 921
615 60 922 923
616 60 923 924
617 60 925 926
618 60 926 927
619 60 928 929
620 60 929 930
621 60 931 932
622 60 932 933
623 60 934 935
624 60 935 936
625 60 937 938
626 60 938 939
627 60 940 941
628 60 941 942
629 60 943 944
630 60 944 945
631 60 946 947
632 60 947 948
633 60 949 950
634 60 950 951
635 60 952 953
636 60 953 954
637 60 955 956
638 60 956 957
639 60 958 959
640 60 959 960
641 60 961 962
642 60 962 963
643 60 964 965
644 60 965 966
645 60 967 968
646 60 968 969
647 60 970 971
648 60 971 972
649 60 973 974
650 60 974 975
651 60 976 977
652 60 977 978
653 60 979 980
654 60 980 981
655 60 982 983
656 60 983 984
657 60 985 986
658 60 986 987
659 60 988 989
660 60 989 990
661 60 991 992
662 60 992 993
663 60 994 995
664 60 995 996
665 60 997 998
666 60 998 999
667 60 1000 1001
668 60 1001 1002
669 60 1003 1004
670 60 1004 1005
671 60 1006 1007
672 60 1007 1008
673 60 1009 1010
674 60 1010 1011
675 60 1012 1013
676 60 1013 1014
677 60 1015 1016
678 60 1016 1017
679 60 1018 1019
680 60 1019 1020
681 60 1021 1022
682 60 1022 1023
683 60 1024 1025
684 60 1025 1026
685 60 1027 1028
686 60 1028 1029
687 60 1030 1031
688 60 1031 1032
689 60 1033 1034
690 60 1034 1035
691 60 1036 1037
692 60 1037 1038
693 60 1039 1040
694 60 1040 1041
695 60 1042 1043
696 60 1043 1044
697 60 1045 1046
698 60 1046 1047
699 60 1048 1049
700 60 1049 1050
701 60 1051 1052
702 60 1052 1053
703 60 1054 1055
704 60 1055 1056
705 60 1057 1058
706 60 1058 1059
707 60 1060 1061
708 60 1061 1062
709 60 1063 1064
710 60 1064 1065
711 60 1066 1067
712 60 1067 1068
713 60 1069 1070
714 60 1070 1071
715 60 1072 1073
716 60 1073 1074
717 60 1075 1076
718 60 1076 1077
719 60 1078 1079
720 60 1079 1080
721 60 1081 1082
722 60 1082 1083
723 60 1084 1085
724 60 1085 1086
725 60 1087 1088
726 60 1088 1089
727 60 1090 1091
728 60 1091 1092
729 60 1093 1094
730 60 1094 1095
731 60 1096 1097
732 60 1097 1098
733 60 1099 1100
734 60 1100 1101
735 60 1102 1103
736 60 1103 1104
737 60 1105 1106
738 60 1106 1107
739 60 1108 1109
740 60 1109 1110
741 60 1111 1112
742 60 1112 1113
743 60 1114 1115
744 60 1115 1116
745 60 1117 1118
746 60 1118 1119
747 60 1120 1121
748 60 1121 1122
749 60 1123 1124
750 60 1124 1125
751 60 1126 1127
752 60 1127 1128
753 60 1129 1130
754 60 1130 1131
755 60 1132 1133
756 60 1133 1134
757 60 1135 1136
758 60 1136 1137
759 60 1138 1139
760 60 1139 1140
761 60 1141 1142
762 60 1142 1143
763 60 1144 1145
764 60 1145 1146
765 60 1147 1148
766 60 1148 1149
767 60 1150 1151
768 60 1151 1152
769 60 1153 1154
770 60 1154 1155
771 60 1156 1157
772 60 1157 1158
773 60 1159 1160
774 60 1160 1161
775 60 1162 1163
776 60 1163 1164
777 60 1165 1166
778 60 1166 1167
779 60 1168 1169
780 60 1169 1170
781 60 1171 1172
782 60 1172 1173
783 60 1174 1175
784 60 1175 1176
785 60 1177 1178
786 60 1178 1179
787 60 1180 1181
788 60 1181 1182
789 60 1183 1184
790 60 1184 1185
791 60 1186 1187
792 60 1187 1188
793 60 1189 1190
794 60 1190 1191
795 60 1192 1193
796 60 1193 1194
797 60 1195 1196
798 60 1196 1197
799 60 1198 1199
800 60 1199 1200
801 60 1201 1202
802 60 1202 1203
803 60 1204 1205
804 60 1205 1206
805 60 1207 1208
806 60 1208 1209
807 60 1210 1211
808 60 1211 1212
809 60 1213 1214
810 60 1214 1215
811 60 1216 1217
812 60 1217 1218
813 60 1219 1220
814 60 1220 1221
815 60 1222 1223
816 60 1223 1224
817 60 1225 1226
818 60 1226 1227
819 60 1228 1229
820 60 1229 1230
821 60 1231 1232
822 60 1232 1233
823 60 1234 1235
824 60 1235 1236
825 60 1237 1238
826 60 1238 1239
827 60 1240 1241
828 60 1241 1242
829 60 1243 1244
830 60 1244 1245
831 60 1246 1247
832 60 1247 1248
833 60 1249 1250
834 60 1250 1251
835 60 1252 1253
836 60 1253 1254
837 60 1255 1256
838 60 1256 1257
839 60 1258 1259
840 60 1259 1260
841 60 1261 1262
842 60 1262 1263
843 60 1264 1265
844 60 1265 1266
845 60 1267 1268
846 60 1268 1269
847 60 1270 1271
848 60 1271 1272
849 60 1273 1274
850 60 1274 1275
851 60 1276 1277
852 60 1277 1278
853 60 1279 1280
854 60 1280 1281
855 60 1282 1283
856 60 1283 1284
857 60 1285 1286
858 60 1286 1287
859 60 1288 1289
860 60 1289 1290
861 60 1291 1292
862 60 1292 1293
863 60 1294 1295
864 60 1295 1296
865 60 1297 1298
866 60 1298 1299
867 60 1300 1301
868 60 1301 1302
869 60 1303 1304
870 60 1304 1305
871 60 1306 1307
872 60 1307 1308
873 60 1309 1310
874 60 1310 1311
875 60 1312 1313
876 60 1313 1314
877 60 1315 1316
878 60 1316 1317
879 60 1318 1319
880 60 1319 1320
881 60 1321 1322
882 60 1322 1323
883 60 1324 1325
884 60 1325 1326
885 60 1327 1328
886 60 1328 1329
887 60 1330 1331
888 60 1331 1332
889 60 1333 1334
890 60 1334 1335
891 60 1336 1337
892 60 1337 1338
893 60 1339 1340
894 60 1340 1341
895 60 1342 1343
896 60 1343 1344
897 60 1345 1346
898 60 1346 1347
899 60 1348 1349
900 60 1349 1350
901 60 1351 1352
902 60 1352 1353
903 60 1354 1355
904 60 1355 1356
905 60 1357 1358
906 60 1358 1359
907 60 1360 1361
908 60 1361 1362
909 60 1363 1364
910 60 1364 1365
911 60 1366 1367
912 60 1367 1368
913 60 1369 1370
914 60 1370 1371
915 60 1372 1373
916 60 1373 1374
917 60 1375 1376
918 60 1376 1377
919 60 1378 1379
920 60 1379 1380
921 60 1381 1382
922 60 1382 1383
923 60 1384 1385
924 60 1385 1386
925 60 1387 1388
926 60 1388 1389
927 60 1390 1391
928 60 1391 1392
929 60 1393 1394
930 60 1394 1395
931 60 1396 1397
932 60 1397 1398
933 60 1399 1400
934 60 1400 1401
935 60 1402 1403
936 60 1403 1404
937 60 1405 1406
938 60 1406 1407
939 60 1408 1409
940 60 1409 1410
941 60 1411 1412
942 60 1412 1413
943 60 1414 1415
944 60 1415 1416
945 60 1417 1418
946 60 1418 1419
947 60 1420 1421
948 60 1421 1422
949 60 1423 1424
950 60 1424 1425
951 60 1426 1427
952 60 1427 1428
953 60 1429 1430
954 60 1430 1431
955 60 1432 1433
956 60 1433 1434
957 60 1435 1436
958 60 1436 1437
959 60 1438 1439
960 60 1439 1440
961 60 1441 1442
962 60 1442 1443
963 60 1444 1445
964 60 1445 1446
965 60 1447 1448
966 60 1448 1449
967 60 1450 1451
968 60 1451 1452
969 60 1453 1454
970 60 1454 1455
971 60 1456 1457
972 60 1457 1458
973 60 1459 1460
974 60 1460 1461
975 60 1462 1463
976 60 1463 1464
977 60 1465 1466
978 60 1466 1467
979 60 1468 1469
980 60 1469 1470
981 60 1471 1472
982 60 1472 1473
983 60 1474 1475
984 60 1475 1476
985 60 1477 1478
986 60 1478 1479
987 60 1480 1481
988 60 1481 1482
989 60 1483 1484
990 60 1484 1485
991 60 1486 1487
992 60 1487 1488
993 60 1489 1490
994 60 1490 1491
995 60 1492 1493
996 60 1493 1494
997 60 1495 1496
998 60 1496 1497
999 60 1498 1499
1000 60 1499 1500
1001 60 1501 1502
1002 60 1502 1503
1003 60 1504 1505
1004 60 1505 1506
1005 60 1507 1508
1006 60 1508 1509
1007 60 1510 1511
1008 60 1511 1512
1009 60 1513 1514
1010 60 1514 1515
1011 60 1516 1517
1012 60 1517 1518
1013 60 1519 1520
1014 60 1520 1521
1015 60 1522 1523
1016 60 1523 1524
1017 60 1525 1526
1018 60 1526 1527
1019 60 1528 1529
1020 60 1529 1530
1021 60 1531 1532
1022 60 1532 1533
1023 60 1534 1535
1024 60 1535 1536
1025 60 1537 1538
1026 60 1538 1539
1027 60 1540 1541
1028 60 1541 1542
1029 60 1543 1544
1030 60 1544 1545
1031 60 1546 1547
1032 60 1547 1548
1033 60 1549 1550
1034 60 1550 1551
1035 60 1552 1553
1036 60 1553 1554
1037 60 1555 1556
1038 60 1556 1557
1039 60 1558 1559
1040 60 1559 1560
1041 60 1561 1562
1042 60 1562 1563
1043 60 1564 1565
1044 60 1565 1566
1045 60 1567 1568
1046 60 1568 1569
1047 60 1570 1571
1048 60 1571 1572
1049 60 1573 1574
1050 60 1574 1575
1051 60 1576 1577
1052 60 1577 1578
1053 60 1579 1580
1054 60 1580 1581
1055 60 1582 1583
1056 60 1583 1584
1057 60 1585 1586
1058 60 1586 1587
1059 60 1588 1589
1060 60 1589 1590
1061 60 1591 1592
1062 60 1592 1593
1063 60 1594 1595
1064 60 1595 1596
1065 60 1597 1598
1066 60 1598 1599
1067 60 1600 1601
1068 60 1601 1602
1069 60 1603 1604
1070 60 1604 1605
1071 60 1606 1607
1072 60 1607 1608
1073 60 1609 1610
1074 60 1610 1611
1075 60 1612 1613
1076 60 1613 1614
1077 60 1615 1616
1078 60 1616 1617
1079 60 1618 1619
1080 60 1619 1620
1081 60 1621 1622
1082 60 1622 1623
1083 60 1624 1625
1084 60 1625 1626
1085 60 1627 1628
1086 60 1628 1629
1087 60 1630 1631
1088 60 1631 1632
1089 60 1633 1634
1090 60 1634 1635
1091 60 1636 1637
1092 60 1637 1638
1093 60 1639 1640
1094 60 1640 1641
1095 60 1642 1643
1096 60 1643 1644
1097 60 1645 1646
1098 60 1646 1647
1099 60 1648 1649
1100 60 1649 1650
1101 60 1651 1652
1102 60 1652 1653
1103 60 1654 1655
1104 60 1655 1656
1105 60 1657 1658
1106 60 1658 1659
1107 60 1660 1661
1108 60 1661 1662
1109 60 1663 1664
1110 60 1664 1665
1111 60 1666 1667
1112 60 1667 1668
1113 60 1669 1670
1114 60 1670 1671
1115 60 1672 1673
1116 60 1673 1674
1117 60 1675 1676
1118 60 1676 1677
1119 60 1678 1679
1120 60 1679 1680
1121 60 1681 1682
1122 60 1682 1683
1123 60 1684 1685
1124 60 1685 1686
1125 60 1687 1688
1126 60 1688 1689
1127 60 1690 1691
1128 60 1691 1692
1129 60 1693 1694
1130 60 1694 1695
1131 60 1696 1697
1132 60 1697 1698
1133 60 1699 1700
1134 60 1700 1701
1135 60 1702 1703
1136 60 1703 1704
1137 60 1705 1706
1138 60 1706 1707
1139 60 1708 1709
1140 60 1709 1710
1141 60 1711 1712
1142 60 1712 1713
1143 60 1714 1715
1144 60 1715 1716
1145 60 1717 1718
1146 60 1718 1719
1147 60 1720 1721
1148 60 1721 1722
1149 60 1723 1724
1150 60 1724 1725
1151 60 1726 1727
1152 60 1727 1728
1153 60 1729 1730
1154 60 1730 1731
1155 60 1732 1733
1156 60 1733 1734
1157 60 1735 1736
1158 60 1736 1737
1159 60 1738 1739
1160 60 1739 1740
1161 60 1741 1742
1162 60 1742 1743
1163 60 1744 1745
1164 60 1745 1746
1165 60 1747 1748
1166 60 1748 1749
1167 60 1750 1751
1168 60 1751 1752
1169 60 1753 1754
1170 60 1754 1755
1171 60 1756 1757
1172 60 1757 1758
1173 60 1759 1760
1174 60 1760 1761
1175 60 1762 1763
1176 60 1763 1764
1177 60 1765 1766
1178 60 1766 1767
1179 60 1768 1769
1180 60 1769 1770
1181 60 1771 1772
1182 60 1772 1773
1183 60 1774 1775
1184 60 1775 1776
1185 60 1777 1778
1186 60 1778 1779
1187 60 1780 1781
1188 60 1781 1782
1189 60 1783 1784
1190 60 1784 1785
1191 60 1786 1787
1192 60 1787 1788
1193 60 1789 1790
1194 60 1790 1791
1195 60 1792 1793
1196 60 1793 1794
1197 60 1795 1796
1198 60 1796 1797
1199 60 1798 1799
1200 60 1799 1800
1201 60 1801 1802
1202 60 1802 1803
1203 60 1804 1805
1204 60 1805 1806
1205 60 1807 1808
1206 60 1808 1809
1207 60 1810 1811
1208 60 1811 1812
1209 60 1813 1814
1210 60 1814 1815
1211 60 1816 1817
1212 60 1817 1818
1213 60 1819 1820
1214 60 1820 1821
1215 60 1822 1823
1216 60 1823 1824
1217 60 1825 1826
1218 60 1826 1827
1219 60 1828 1829
1220 60 1829 1830
1221 60 1831 1832
1222 60 1832 1833
1223 60 1834 1835
1224 60 1835 1836
1225 60 1837 1838
1226 60 1838 1839
1227 60 1840 1841
1228 60 1841 1842
1229 60 1843 1844
1230 60 1844 1845
1231 60 1846 1847
1232 60 1847 1848
1233 60 1849 1850
1234 60 1850 1851
1235 60 1852 1853
1236 60 1853 1854
1237 60 1855 1856
1238 60 1856 1857
1239 60 1858 1859
1240 60 1859 1860
1241 60 1861 1862
1242 60 1862 1863
1243 60 1864 1865
1244 60 1865 1866
1245 60 1867 1868
1246 60 1868 1869
1247 60 1870 1871
1248 60 1871 1872
1249 60 1873 1874
1250 60 1874 1875
1251 60 1876 1877
1252 60 1877 1878
1253 60 1879 1880
1254 60 1880 1881
1255 60 1882 1883
1256 60 1883 1884
1257 60 1885 1886
1258 60 1886 1887
1259 60 1888 1889
1260 60 1889 1890
1261 60 1891 1892
1262 60 1892 1893
1263 60 1894 1895
1264 60 1895 1896
1265 60 1897 1898
1266 60 1898 1899
1267 60 1900 1901
1268 60 1901 1902
1269 60 1903 1904
1270 60 1904 1905
1271 60 1906 1907
1272 60 1907 1908
1273 60 1909 1910
1274 60 1910 1911
1275 60 1912 1913
1276 60 1913 1914
1277 60 1915 1916
1278 60 1916 1917
1279 60 1918 1919
1280 60 1919 1920
1281 60 1921 1922
1282 60 1922 1923
1283 60 1924 1925
1284 60 1925 1926
1285 60 1927 1928
1286 60 1928 1929
1287 60 1930 1931
1288 60 1931 1932
1289 60 1933 1934
1290 60 1934 1935
1291 60 1936 1937
1292 60 1937 1938
1293 60 1939 1940
1294 60 1940 1941
1295 60 1942 1943
1296 60 1943 1944
1297 60 1945 1946
1298 60 1946 1947
1299 60 1948 1949
1300 60 1949 1950
1301 60 1951 1952
1302 60 1952 1953
1303 60 1954 1955
1304 60 1955 1956
1305 60 1957 1958
1306 60 1958 1959
1307 60 1960 1961
1308 60 1961 1962
1309 60 1963 1964
1310 60 1964 1965
1311 60 1966 1967
1312 60 1967 1968
1313 60 1969 1970
1314 60 1970 1971
1315 60 1972 1973
1316 60 1973 1974
1317 60 1975 1976
1318 60 1976 1977
1319 60 1978 1979
1320 60 1979 1980
1321 60 1981 1982
1322 60 1982 1983
1323 60 1984 1985
1324 60 1985 1986
1325 60 1987 1988
1326 60 1988 1989
1327 60 1990 1991
1328 60 1991 1992
1329 60 1993 1994
1330 60 1994 1995
1331 60 1996 1997
1332 60 1997 1998
1333 60 1999 2000
1334 60 2000 2001
1335 60 2002 2003
1336 60 2003 2004
1337 60 2005 2006
1338 60 2006 2007
1339 60 2008 2009
1340 60 2009 2010
1341 60 2011 2012
1342 60 2012 2013
1343 60 2014 2015
1344 60 2015 2016
1345 60 2017 2018
1346 60 2018 2019
1347 60 2020 2021
1348 60 2021 2022
1349 60 2023 2024
1350 60 2024 2025
1351 60 2026 2027
1352 60 2027 2028
1353 60 2029 2030
1354 60 2030 2031
1355 60 2032 2033
1356 60 2033 2034
1357 60 2035 2036
1358 60 2036 2037
1359 60 2038 2039
1360 60 2039 2040
1361 60 2041 2042
1362 60 2042 2043
1363 60 2044 2045
1364 60 2045 2046
1365 60 2047 2048
1366 60 2048 2049
1367 60 2050 2051
1368 60 2051 2052
1369 60 2053 2054
1370 60 2054 2055
1371 60 2056 2057
1372 60 2057 2058
1373 60 2059 2060
1374 60 2060 2061
1375 60 2062 2063
1376 60 2063 2064
1377 60 2065 2066
1378 60 2066 2067
1379 60 2068 2069
1380 60 2069 2070
1381 60 2071 2072
1382 60 2072 2073
1383 60 2074 2075
1384 60 2075 2076
1385 60 2077 2078
1386 60 2078 2079
1387 60 2080 2081
1388 60 2081 2082
1389 60 2083 2084
1390 60 2084 2085
1391 60 2086 2087
1392 60 2087 2088
1393 60 2089 2090
1394 60 2090 2091
1395 60 2092 2093
1396 60 2093 2094
1397 60 2095 2096
1398 60 2096 2097
1399 60 2098 2099
1400 60 2099 2100
1401 60 2101 2102
1402 60 2102 2103
1403 60 2104 2105
1404 60 2105 2106
1405 60 2107 2108
1406 60 2108 2109
1407 60 2110 2111
1408 60 2111 2112
1409 60 2113 2114
1410 60 2114 2115
1411 60 2116 2117
1412 60 2117 2118
1413 60 2119 2120
1414 60 2120 2121
1415 60 2122 2123
1416 60 2123 2124
1417 60 2125 2126
1418 60 2126 2127
1419 60 2128 2129
1420 60 2129 2130
1421 60 2131 2132
1422 60 2132 2133
1423 60 2134 2135
1424 60 2135 2136
1425 60 2137 2138
1426 60 2138 2139
1427 60 2140 2141
1428 60 2141 2142
1429 60 2143 2144
1430 60 2144 2145
1431 60 2146 2147
1432 60 2147 2148
1433 60 2149 2150
1434 60 2150 2151
1435 60 2152 2153
1436 60 2153 2154
1437 60 2155 2156
1438 60 2156 2157
1439 60 2158 2159
1440 60 2159 2160
1441 60 2161 2162
1442 60 2162 2163
1443 60 2164 2165
1444 60 2165 2166
1445 60 2167 2168
1446 60 2168 2169
1447 60 2170 2171
1448 60 2171 2172
1449 60 2173 2174
1450 60 2174 2175
1451 60 2176 2177
1452 60 2177 2178
1453 60 2179 2180
1454 60 2180 2181
1455 60 2182 2183
1456 60 2183 2184
1457 60 2185 2186
1458 60 2186 2187
1459 60 2188 2189
1460 60 2189 2190
1461 60 2191 2192
1462 60 2192 2193
1463 60 2194 2195
1464 60 2195 2196
1465 60 2197 2198
1466 60 2198 2199
1467 60 2200 2201
1468 60 2201 2202
1469 60 2203 2204
1470 60 2204 2205
1471 60 2206 2207
1472 60 2207 2208
1473 60 2209 2210
1474 60 2210 2211
1475 60 2212 2213
1476 60 2213 2214
1477 60 2215 2216
1478 60 2216 2217
1479 60 2218 2219
1480 60 2219 2220
1481 60 2221 2222
1482 60 2222 2223
1483 60 2224 2225
1484 60 2225 2226
1485 60 2227 2228
1486 60 2228 2229
1487 60 2230 2231
1488 60 2231 2232
1489 60 2233 2234
1490 60 2234 2235
1491 60 2236 2237
1492 60 2237 2238
1493 60 2239 2240
1494 60 2240 2241
1495 60 2242 2243
1496 60 2243 2244
1497 60 2245 2246
1498 60 2246 2247
1499 60 2248 2249
1500 60 2249 2250
1501 60 2251 2252
1502 60 2252 2253
1503 60 2254 2255
1504 60 2255 2256
1505 60 2257 2258
1506 60 2258 2259
1507 60 2260 2261
1508 60 2261 2262
1509 60 2263 2264
1510 60 2264 2265
1511 60 2266 2267
1512 60 2267 2268
1513 60 2269 2270
1514 60 2270 2271
1515 60 2272 2273
1516 60 2273 2274
1517 60 2275 2276
1518 60 2276 2277
1519 60 2278 2279
1520 60 2279 2280
1521 60 2281 2282
1522 60 2282 2283
1523 60 2284 2285
1524 60 2285 2286
1525 60 2287 2288
1526 60 2288 2289
1527 60 2290 2291
1528 60 2291 2292
1529 60 2293 2294
1530 60 2294 2295
1531 60 2296 2297
1532 60 2297 2298
1533 60 2299 2300
1534 60 2300 2301
1535 60 2302 2303
1536 60 2303 2304
1537 60 2305 2306
1538 60 2306 2307
1539 60 2308 2309
1540 60 2309 2310
1541 60 2311 2312
1542 60 2312 2313
1543 60 2314 2315
1544 60 2315 2316
1545 60 2317 2318
1546 60 2318 2319
1547 60 2320 2321
1548 60 2321 2322
1549 60 2323 2324
1550 60 2324 2325
1551 60 2326 2327
1552 60 2327 2328
1553 60 2329 2330
1554 60 2330 2331
1555 60 2332 2333
1556 60 2333 2334
1557 60 2335 2336
1558 60 2336 2337
1559 60 2338 2339
1560 60 2339 2340
1561 60 2341 2342
1562 60 2342 2343
1563 60 2344 2345
1564 60 2345 2346
1565 60 2347 2348
1566 60 2348 2349
1567 60 2350 2351
1568 60 2351 2352
1569 60 2353 2354
1570 60 2354 2355
1571 60 2356 2357
1572 60 2357 2358
1573 60 2359 2360
1574 60 2360 2361
1575 60 2362 2363
1576 60 2363 2364
1577 60 2365 2366
1578 60 2366 2367
1579 60 2368 2369
1580 60 2369 2370
1581 60 2371 2372
1582 60 2372 2373
1583 60 2374 2375
1584 60 2375 2376
1585 60 2377 2378
1586 60 2378 2379
1587 60 2380 2381
1588 60 2381 2382
1589 60 2383 2384
1590 60 2384 2385
1591 60 2386 2387
1592 60 2387 2388
1593 60 2389 2390
1594 60 2390 2391
1595 60 2392 2393
1596 60 2393 2394
1597 60 2395 2396
1598 60 2396 2397
1599 60 2398 2399
1600 60 2399 2400
1601 60 2401 2402
1602 60 2402 2403
1603 60 2404 2405
1604 60 2405 2406
1605 60 2407 2408
1606 60 2408 2409
1607 60 2410 2411
1608 60 2411 2412
1609 60 2413 2414
1610 60 2414 2415
1611 60 2416 2417
1612 60 2417 2418
1613 60 2419 2420
1614 60 2420 2421
1615 60 2422 2423
1616 60 2423 2424
1617 60 2425 2426
1618 60 2426 2427
1619 60 2428 2429
1620 60 2429 2430
1621 60 2431 2432
1622 60 2432 2433
1623 60 2434 2435
1624 60 2435 2436
1625 60 2437 2438
1626 60 2438 2439
1627 60 2440 2441
1628 60 2441 2442
1629 60 2443 2444
1630 60 2444 2445
1631 60 2446 2447
1632 60 2447 2448
1633 60 2449 2450
1634 60 2450 2451
1635 60 2452 2453
1636 60 2453 2454
1637 60 2455 2456
1638 60 2456 2457
1639 60 2458 2459
1640 60 2459 2460
1641 60 2461 2462
1642 60 2462 2463
1643 60 2464 2465
1644 60 2465 2466
1645 60 2467 2468
1646 60 2468 2469
1647 60 2470 2471
1648 60 2471 2472
1649 60 2473 2474
1650 60 2474 2475
1651 60 2476 2477
1652 60 2477 2478
1653 60 2479 2480
1654 60 2480 2481
1655 60 2482 2483
1656 60 2483 2484
1657 60 2485 2486
1658 60 2486 2487
1659 60 2488 2489
1660 60 2489 2490
1661 60 2491 2492
1662 60 2492 2493
1663 60 2494 2495
1664 60 2495 2496
1665 60 2497 2498
1666 60 2498 2499
1667 60 2500 2501
1668 60 2501 2502
1669 60 2503 2504
1670 60 2504 2505
1671 60 2506 2507
1672 60 2507 2508
1673 60 2509 2510
1674 60 2510 2511
1675 60 2512 2513
1676 60 2513 2514
1677 60 2515 2516
1678 60 2516 2517
1679 60 2518 2519
1680 60 2519 2520
1681 60 2521 2522
1682 60 2522 2523
1683 60 2524 2525
1684 60 2525 2526
1685 60 2527 2528
1686 60 2528 2529
1687 60 2530 2531
1688 60 2531 2532
1689 60 2533 2534
1690 60 2534 2535
1691 60 2536 2537
1692 60 2537 2538
1693 60 2539 2540
1694 60 2540 2541
1695 60 2542 2543
1696 60 2543 2544
1697 60 2545 2546
1698 60 2546 2547
1699 60 2548 2549
1700 60 2549 2550
1701 60 2551 2552
1702 60 2552 2553
1703 60 2554 2555
1704 60 2555 2556
1705 60 2557 2558
1706 60 2558 2559
1707 60 2560 2561
1708 60 2561 2562
1709 60 2563 2564
1710 60 2564 2565
1711 60 2566 2567
1712 60 2567 2568
1713 60 2569 2570
1714 60 2570 2571
1715 60 2572 2573
1716 60 2573 2574
1717 60 2575 2576
1718 60 2576 2577
1719 60 2578 2579
1720 60 2579 2580
1721 60 2581 2582
1722 60 2582 2583
1723 60 2584 2585
1724 60 2585 2586
1725 60 2587 2588
1726 60 2588 2589
1727 60 2590 2591
1728 60 2591 2592
1729 60 2593 2594
1730 60 2594 2595
1731 60 2596 2597
1732 60 2597 2598
1733 60 2599 2600
1734 60 2600 2601
1735 60 2602 2603
1736 60 2603 2604
1737 60 2605 2606
1738 60 2606 2607
1739 60 2608 2609
1740 60 2609 2610
1741 60 2611 2612
1742 60 2612 2613
1743 60 2614 2615
1744 60 2615 2616
1745 60 2617 2618
1746 60 2618 2619
1747 60 2620 2621
1748 60 2621 2622
1749 60 2623 2624
1750 60 2624 2625
1751 60 2626 2627
1752 60 2627 2628
1753 60 2629 2630
1754 60 2630 2631
1755 60 2632 2633
1756 60 2633 2634
1757 60 2635 2636
1758 60 2636 2637
1759 60 2638 2639
1760 60 2639 2640
1761 60 2641 2642
1762 60 2642 2643
1763 60 2644 2645
1764 60 2645 2646
1765 60 2647 2648
1766 60 2648 2649
1767 60 2650 2651
1768 60 2651 2652
1769 60 2653 2654
1770 60 2654 2655
1771 60 2656 2657
1772 60 2657 2658
1773 60 2659 2660
1774 60 2660 2661
1775 60 2662 2663
1776 60 2663 2664
1777 60 2665 2666
1778 60 2666 2667
1779 60 2668 2669
1780 60 2669 2670
1781 60 2671 2672
1782 60 2672 2673
1783 60 2674 2675
1784 60 2675 2676
1785 60 2677 2678
1786 60 2678 2679
1787 60 2680 2681
1788 60 2681 2682
1789 60 2683 2684
1790 60 2684 2685
1791 60 2686 2687
1792 60 2687 2688
1793 60 2689 2690
1794 60 2690 2691
1795 60 2692 2693
1796 60 2693 2694
1797 60 2695 2696
1798 60 2696 2697
1799 60 2698 2699
1800 60 2699 2700
1801 60 2701 2702
1802 60 2702 2703
1803 60 2704 2705
1804 60 2705 2706
1805 60 2707 2708
1806 60 2708 2709
1807 60 2710 2711
1808 60 2711 2712
1809 60 2713 2714
1810 60 2714 2715
1811 60 2716 2717
1812 60 2717 2718
1813 60 2719 2720
1814 60 2720 2721
1815 60 2722 2723
1816 60 2723 2724
1817 60 2725 2726
1818 60 2726 2727
1819 60 2728 2729
1820 60 2729 2730
1821 60 2731 2732
1822 60 2732 2733
1823 60 2734 2735
1824 60 2735 2736
1825 60 2737 2738
1826 60 2738 2739
1827 60 2740 2741
1828 60 2741 2742
1829 60 2743 2744
1830 60 2744 2745
1831 60 2746 2747
1832 60 2747 2748
1833 60 2749 2750
1834 60 2750 2751
1835 60 2752 2753
1836 60 2753 2754
1837 60 2755 2756
1838 60 2756 2757
1839 60 2758 2759
1840 60 2759 2760
1841 60 2761 2762
1842 60 2762 2763
1843 60 2764 2765
1844 60 2765 2766
1845 60 2767 2768
1846 60 2768 2769
1847 60 2770 2771
1848 60 2771 2772
1849 60 2773 2774
1850 60 2774 2775
1851 60 2776 2777
1852 60 2777 2778
1853 60 2779 2780
1854 60 2780 2781
1855 60 2782 2783
1856 60 2783 2784
1857 60 2785 2786
1858 60 2786 2787
1859 60 2788 2789
1860 60 2789 2790
1861 60 2791 2792
1862 60 2792 2793
1863 60 2794 2795
1864 60 2795 2796
1865 60 2797 2798
1866 60 2798 2799
1867 60 2800 2801
1868 60 2801 2802
1869 60 2803 2804
1870 60 2804 2805
1871 60 2806 2807
1872 60 2807 2808
1873 60 2809 2810
1874 60 2810 2811
1875 60 2812 2813
1876 60 2813 2814
1877 60 2815 2816
1878 60 2816 2817
1879 60 2818 2819
1880 60 2819 2820
1881 60 2821 2822
1882 60 2822 2823
1883 60 2824 2825
1884 60 2825 2826
1885 60 2827 2828
1886 60 2828 2829
1887 60 2830 2831
1888 60 2831 2832
1889 60 2833 2834
1890 60 2834 2835
1891 60 2836 2837
1892 60 2837 2838
1893 60 2839 2840
1894 60 2840 2841
1895 60 2842 2843
1896 60 2843 2844
1897 60 2845 2846
1898 60 2846 2847
1899 60 2848 2849
1900 60 2849 2850
1901 60 2851 2852
1902 60 2852 2853
1903 60 2854 2855
1904 60 2855 2856
1905 60 2857 2858
1906 60 2858 2859
1907 60 2860 2861
1908 60 2861 2862
1909 60 2863 2864
1910 60 2864 2865
1911 60 2866 2867
1912 60 2867 2868
1913 60 2869 2870
1914 60 2870 2871
1915 60 2872 2873
1916 60 2873 2874
1917 60 2875 2876
1918 60 2876 2877
1919 60 2878 2879
1920 60 2879 2880
1921 60 2881 2882
1922 60 2882 2883
1923 60 2884 2885
1924 60 2885 2886
1925 60 2887 2888
1926 60 2888 2889
1927 60 2890 2891
1928 60 2891 2892
1929 60 2893 2894
1930 60 2894 2895
1931 60 2896 2897
1932 60 2897 2898
1933 60 2899 2900
1934 60 2900 2901
1935 60 2902 2903
1936 60 2903 2904
1937 60 2905 2906
1938 60 2906 2907
1939 60 2908 2909
1940 60 2909 2910
1941 60 2911 2912
1942 60 2912 2913
1943 60 2914 2915
1944 60 2915 2916
1945 60 2917 2918
1946 60 2918 2919
1947 60 2920 2921
1948 60 2921 2922
1949 60 2923 2924
1950 60 2924 2925
1951 60 2926 2927
1952 60 2927 2928
1953 60 2929 2930
1954 60 2930 2931
1955 60 2932 2933
1956 60 2933 2934
1957 60 2935 2936
1958 60 2936 2937
1959 60 2938 2939
1960 60 2939 2940
1961 60 2941 2942
1962 60 2942 2943
1963 60 2944 2945
1964 60 2945 2946
1965 60 2947 2948
1966 60 2948 2949
1967 60 2950 2951
1968 60 2951 2952
1969 60 2953 2954
1970 60 2954 2955
1971 60 2956 2957
1972 60 2957 2958
1973 60 2959 2960
1974 60 2960 2961
1975 60 2962 2963
1976 60 2963 2964
1977 60 2965 2966
1978 60 2966 2967
1979 60 2968 2969
1980 60 2969 2970
1981 60 2971 2972
1982 60 2972 2973
1983 60 2974 2975
1984 60 2975 2976
1985 60 2977 2978
1986 60 2978 2979
1987 60 2980 2981
1988 60 2981 2982
1989 60 2983 2984
1990 60 2984 2985
1991 60 2986 2987
1992 60 2987 2988
1993 60 2989 2990
1994 60 2990 2991
1995 60 2992 2993
1996 60 2993 2994
1997 60 2995 2996
1998 60 2996 2997
1999 60 2998 2999
2000 60 2999 3000
