1 5 1 2 3
2 5 4 5 6
3 5 7 8 9
4 5 10 11 12
5 5 13 14 15
6 5 16 17 18
7 5 19 20 21
8 5 22 23 24
9 5 25 26 27
10 5 28 29 30
11 5 31 32 33
12 5 34 35 36
13 5 37 38 39
14 5 40 41 42
15 5 43 44 45
16 5 46 47 48
17 5 49 50 51
18 5 52 53 54
19 5 55 56 57
20 5 58 59 60
21 5 61 62 63
22 5 64 65 66
23 5 67 68 69
24 5 70 71 72
25 5 73 74 75
26 5 76 77 78
27 5 79 80 81
28 5 82 83 84
29 5 85 86 87
30 5 88 89 90
31 5 91 92 93
32 5 94 95 96
33 5 97 98 99
34 5 100 101 102
35 5 103 104 105
36 5 106 107 108
37 5 109 110 111
38 5 112 113 114
39 5 115 116 117
40 5 118 119 120
41 5 121 122 123
42 5 124 125 126
43 5 127 128 129
44 5 130 131 132
45 5 133 134 135
46 5 136 137 138
47 5 139 140 141
48 5 142 143 144
49 5 145 146 147
50 5 148 149 150
51 5 151 152 153
52 5 154 155 156
53 5 157 158 159
54 5 160 161 162
55 5 163 164 165
56 5 166 167 168
57 5 169 170 171
58 5 172 173 174
59 5 175 176 177
60 5 178 179 180
61 5 181 182 183
62 5 184 185 186
63 5 187 188 189
64 5 190 191 192
65 5 193 194 195
66 5 196 197 198
67 5 199 200 201
68 5 202 203 204
69 5 205 206 207
70 5 208 209 210
71 5 211 212 213
72 5 214 215 216
73 5 217 218 219
74 5 220 221 222
75 5 223 224 225
76 5 226 227 228
77 5 229 230 231
78 5 232 233 234
79 5 235 236 237
80 5 238 239 240
81 5 241 242 243
82 5 244 245 246
83 5 247 248 249
84 5 250 251 252
85 5 253 254 255
86 5 256 257 258
87 5 259 260 261
88 5 262 263 264
89 5 265 266 267
90 5 268 269 270
91 5 271 272 273
92 5 274 275 276
93 5 277 278 279
94 5 280 281 282
95 5 283 284 285
96 5 286 287 288
97 5 289 290 291
98 5 292 293 294
99 5 295 296 297
100 5 298 299 300
101 5 301 302 303
102 5 304 305 306
103 5 307 308 309
104 5 310 311 312
105 5 313 314 315
106 5 316 317 318
107 5 319 320 321
108 5 322 323 324
109 5 325 326 327
110 5 328 329 330
111 5 331 332 333
112 5 334 335 336
113 5 337 338 339
114 5 340 341 342
115 5 343 344 345
116 5 346 347 348
117 5 349 350 351
118 5 352 353 354
119 5 355 356 357
120 5 358 359 360
121 5 361 362 363
122 5 364 365 366
123 5 367 368 369
124 5 370 371 372
125 5 373 374 375
126 5 376 377 378
127 5 379 380 381
128 5 382 383 384
129 5 385 386 387
130 5 388 389 390
131 5 391 392 393
132 5 394 395 396
133 5 397 398 399
134 5 400 401 402
135 5 403 404 405
136 5 406 407 408
137 5 409 410 411
138 5 412 413 414
139 5 415 416 417
140 5 418 419 420
141 5 421 422 423
142 5 424 425 426
143 5 427 428 429
144 5 430 431 432
145 5 433 434 435
146 5 436 437 438
147 5 439 440 441
148 5 442 443 444
149 5 445 446 447
150 5 448 449 450
151 5 451 452 453
152 5 454 455 456
153 5 457 458 459
154 5 460 461 462
155 5 463 464 465
156 5 466 467 468
157 5 469 470 471
158 5 472 473 474
159 5 475 476 477
160 5 478 479 480
161 5 481 482 483
162 5 484 485 486
163 5 487 488 489
164 5 490 491 492
165 5 493 494 495
166 5 496 497 498
167 5 499 500 501
168 5 502 503 504
169 5 505 506 507
170 5 508 509 510
171 5 511 512 513
172 5 514 515 516
173 5 517 518 519
174 5 520 521 522
175 5 523 524 525
176 5 526 527 528
177 5 529 530 531
178 5 532 533 534
179 5 535 536 537
180 5 538 539 540
181 5 541 542 543
182 5 544 545 546
183 5 547 548 549
184 5 550 551 552
185 5 553 554 555
186 5 556 557 558
187 5 559 560 561
188 5 562 563 564
189 5 565 566 567
190 5 568 569 570
191 5 571 572 573
192 5 574 575 576
193 5 577 578 579
194 5 580 581 582
195 5 583 584 585
196 5 586 587 588
197 5 589 590 591
198 5 592 593 594
199 5 595 596 597
200 5 598 599 600
201 5 601 602 603
202 5 604 605 606
203 5 607 608 609
204 5 610 611 612
205 5 613 614 615
206 5 616 617 618
207 5 619 620 621
208 5 622 623 624
209 5 625 626 627
210 5 628 629 630
211 5 631 632 633
212 5 634 635 636
213 5 637 638 639
214 5 640 641 642
215 5 643 644 645
216 5 646 647 648
217 5 649 650 651
218 5 652 653 654
219 5 655 656 657
220 5 658 659 660
221 5 661 662 663
222 5 664 665 666
223 5 667 668 669
224 5 670 671 672
225 5 673 674 675
226 5 676 677 678
227 5 679 680 681
228 5 682 683 684
229 5 685 686 687
230 5 688 689 690
231 5 691 692 693
232 5 694 695 696
233 5 697 698 699
234 5 700 701 702
235 5 703 704 705
236 5 706 707 708
237 5 709 710 711
238 5 712 713 714
239 5 715 716 717
240 5 718 719 720
241 5 721 722 723
242 5 724 725 726
243 5 727 728 729
244 5 730 731 732
245 5 733 734 735
246 5 736 737 738
247 5 739 740 741
248 5 742 743 744
249 5 745 746 747
250 5 748 749 750
251 5 751 752 753
252 5 754 755 756
253 5 757 758 759
254 5 760 761 762
255 5 763 764 765
256 5 766 767 768
257 5 769 770 771
258 5 772 773 774
259 5 775 776 777
260 5 778 779 780
261 5 781 782 783
262 5 784 785 786
263 5 787 788 789
264 5 790 791 792
265 5 793 794 795
266 5 796 797 798
267 5 799 800 801
268 5 802 803 804
269 5 805 806 807
270 5 808 809 810
271 5 811 812 813
272 5 814 815 816
273 5 817 818 819
274 5 820 821 822
275 5 823 824 825
276 5 826 827 828
277 5 829 830 831
278 5 832 833 834
279 5 835 836 837
280 5 838 839 840
281 5 841 842 843
282 5 844 845 846
283 5 847 848 849
284 5 850 851 852
285 5 853 854 855
286 5 856 857 858
287 5 859 860 861
288 5 862 863 864
289 5 865 866 867
290 5 868 869 870
291 5 871 872 873
292 5 874 875 876
293 5 877 878 879
294 5 880 881 882
295 5 883 884 885
296 5 886 887 888
297 5 889 890 891
298 5 892 893 894
299 5 895 896 897
300 5 898 899 900
301 5 901 902 903
302 5 904 905 906
303 5 907 908 909
304 5 910 911 912
305 5 913 914 915
306 5 916 917 918
307 5 919 920 921
308 5 922 923 924
309 5 925 926 927
310 5 928 929 930
311 5 931 932 933
312 5 934 935 936
313 5 937 938 939
314 5 940 941 942
315 5 943 944 945
316 5 946 947 948
317 5 949 950 951
318 5 952 953 954
319 5 955 956 957
320 5 958 959 960
321 5 961 962 963
322 5 964 965 966
323 5 967 968 969
324 5 970 971 972
325 5 973 974 975
326 5 976 977 978
327 5 979 980 981
328 5 982 983 984
329 5 985 986 987
330 5 988 989 990
331 5 991 992 993
332 5 994 995 996
333 5 997 998 999
334 5 1000 1001 1002
335 5 1003 1004 1005
336 5 1006 1007 1008
337 5 1009 1010 1011
338 5 1012 1013 1014
339 5 1015 1016 1017
340 5 1018 1019 1020
341 5 1021 1022 1023
342 5 1024 1025 1026
343 5 1027 1028 1029
344 5 1030 1031 1032
345 5 1033 1034 1035
346 5 1036 1037 1038
347 5 1039 1040 1041
348 5 1042 1043 1044
349 5 1045 1046 1047
350 5 1048 1049 1050
351 5 1051 1052 1053
352 5 1054 1055 1056
353 5 1057 1058 1059
354 5 1060 1061 1062
355 5 1063 1064 1065
356 5 1066 1067 1068
357 5 1069 1070 1071
358 5 1072 1073 1074
359 5 1075 1076 1077
360 5 1078 1079 1080
361 5 1081 1082 1083
362 5 1084 1085 1086
363 5 1087 1088 1089
364 5 1090 1091 1092
365 5 1093 1094 1095
366 5 1096 1097 1098
367 5 1099 1100 1101
368 5 1102 1103 1104
369 5 1105 1106 1107
370 5 1108 1109 1110
371 5 1111 1112 1113
372 5 1114 1115 1116
373 5 1117 1118 1119
374 5 1120 1121 1122
375 5 1123 1124 1125
376 5 1126 1127 1128
377 5 1129 1130 1131
378 5 1132 1133 1134
379 5 1135 1136 1137
380 5 1138 1139 1140
381 5 1141 1142 1143
382 5 1144 1145 1146
383 5 1147 1148 1149
384 5 1150 1151 1152
385 5 1153 1154 1155
386 5 1156 1157 1158
387 5 1159 1160 1161
388 5 1162 1163 1164
389 5 1165 1166 1167
390 5 1168 1169 1170
391 5 1171 1172 1173
392 5 1174 1175 1176
393 5 1177 1178 1179
394 5 1180 1181 1182
395 5 1183 1184 1185
396 5 1186 1187 1188
397 5 1189 1190 1191
398 5 1192 1193 1194
399 5 1195 1196 1197
400 5 1198 1199 1200
401 5 1201 1202 1203
402 5 1204 1205 1206
403 5 1207 1208 1209
404 5 1210 1211 1212
405 5 1213 1214 1215
406 5 1216 1217 1218
407 5 1219 1220 1221
408 5 1222 1223 1224
409 5 1225 1226 1227
410 5 1228 1229 1230
411 5 1231 1232 1233
412 5 1234 1235 1236
413 5 1237 1238 1239
414 5 1240 1241 1242
415 5 1243 1244 1245
416 5 1246 1247 1248
417 5 1249 1250 1251
418 5 1252 1253 1254
419 5 1255 1256 1257
420 5 1258 1259 1260
421 5 1261 1262 1263
422 5 1264 1265 1266
423 5 1267 1268 1269
424 5 1270 1271 1272
425 5 1273 1274 1275
426 5 1276 1277 1278
427 5 1279 1280 1281
428 5 1282 1283 1284
429 5 1285 1286 1287
430 5 1288 1289 1290
431 5 1291 1292 1293
432 5 1294 1295 1296
433 5 1297 1298 1299
434 5 1300 1301 1302
435 5 1303 1304 1305
436 5 1306 1307 1308
437 5 1309 1310 1311
438 5 1312 1313 1314
439 5 1315 1316 1317
440 5 1318 1319 1320
441 5 1321 1322 1323
442 5 1324 1325 1326
443 5 1327 1328 1329
444 5 1330 1331 1332
445 5 1333 1334 1335
446 5 1336 1337 1338
447 5 1339 1340 1341
448 5 1342 1343 1344
449 5 1345 1346 1347
450 5 1348 1349 1350
451 5 1351 1352 1353
452 5 1354 1355 1356
453 5 1357 1358 1359
454 5 1360 1361 1362
455 5 1363 1364 1365
456 5 1366 1367 1368
457 5 1369 1370 1371
458 5 1372 1373 1374
459 5 1375 1376 1377
460 5 1378 1379 1380
461 5 1381 1382 1383
462 5 1384 1385 1386
463 5 1387 1388 1389
464 5 1390 1391 1392
465 5 1393 1394 1395
466 5 1396 1397 1398
467 5 1399 1400 1401
468 5 1402 1403 1404
469 5 1405 1406 1407
470 5 1408 1409 1410
471 5 1411 1412 1413
472 5 1414 1415 1416
473 5 1417 1418 1419
474 5 1420 1421 1422
475 5 1423 1424 1425
476 5 1426 1427 1428
477 5 1429 1430 1431
478 5 1432 1433 1434
479 5 1435 1436 1437
480 5 1438 1439 1440
481 5 1441 1442 1443
482 5 1444 1445 1446
483 5 1447 1448 1449
484 5 1450 1451 1452
485 5 1453 1454 1455
486 5 1456 1457 1458
487 5 1459 1460 1461
488 5 1462 1463 1464
489 5 1465 1466 1467
490 5 1468 1469 1470
491 5 1471 1472 1473
492 5 1474 1475 1476
493 5 1477 1478 1479
494 5 1480 1481 1482
495 5 1483 1484 1485
496 5 1486 1487 1488
497 5 1489 1490 1491
498 5 1492 1493 1494
499 5 1495 1496 1497
500 5 1498 1499 1500
501 5 1501 1502 1503
502 5 1504 1505 1506
503 5 1507 1508 1509
504 5 1510 1511 1512
505 5 1513 1514 1515
506 5 1516 1517 1518
507 5 1519 1520 1521
508 5 1522 1523 1524
509 5 1525 1526 1527
510 5 1528 1529 1530
511 5 1531 1532 1533
512 5 1534 1535 1536
513 5 1537 1538 1539
514 5 1540 1541 1542
515 5 1543 1544 1545
516 5 1546 1547 1548
517 5 1549 1550 1551
518 5 1552 1553 1554
519 5 1555 1556 1557
520 5 1558 1559 1560
521 5 1561 1562 1563
522 5 1564 1565 1566
523 5 1567 1568 1569
524 5 1570 1571 1572
525 5 1573 1574 1575
526 5 1576 1577 1578
527 5 1579 1580 1581
528 5 1582 1583 1584
529 5 1585 1586 1587
530 5 1588 1589 1590
531 5 1591 1592 1593
532 5 1594 1595 1596
533 5 1597 1598 1599
534 5 1600 1601 1602
535 5 1603 1604 1605
536 5 1606 1607 1608
537 5 1609 1610 1611
538 5 1612 1613 1614
539 5 1615 1616 1617
540 5 1618 1619 1620
541 5 1621 1622 1623
542 5 1624 1625 1626
543 5 1627 1628 1629
544 5 1630 1631 1632
545 5 1633 1634 1635
546 5 1636 1637 1638
547 5 1639 1640 1641
548 5 1642 1643 1644
549 5 1645 1646 1647
550 5 1648 1649 1650
551 5 1651 1652 1653
552 5 1654 1655 1656
553 5 1657 1658 1659
554 5 1660 1661 1662
555 5 1663 1664 1665
556 5 1666 1667 1668
557 5 1669 1670 1671
558 5 1672 1673 1674
559 5 1675 1676 1677
560 5 1678 1679 1680
561 5 1681 1682 1683
562 5 1684 1685 1686
563 5 1687 1688 1689
564 5 1690 1691 1692
565 5 1693 1694 1695
566 5 1696 1697 1698
567 5 1699 1700 1701
568 5 1702 1703 1704
569 5 1705 1706 1707
570 5 1708 1709 1710
571 5 1711 1712 1713
572 5 1714 1715 1716
573 5 1717 1718 1719
574 5 1720 1721 1722
575 5 1723 1724 1725
576 5 1726 1727 1728
577 5 1729 1730 1731
578 5 1732 1733 1734
579 5 1735 1736 1737
580 5 1738 1739 1740
581 5 1741 1742 1743
582 5 1744 1745 1746
583 5 1747 1748 1749
584 5 1750 1751 1752
585 5 1753 1754 1755
586 5 1756 1757 1758
587 5 1759 1760 1761
588 5 1762 1763 1764
589 5 1765 1766 1767
590 5 1768 1769 1770
591 5 1771 1772 1773
592 5 1774 1775 1776
593 5 1777 1778 1779
594 5 1780 1781 1782
595 5 1783 1784 1785
596 5 1786 1787 1788
597 5 1789 1790 1791
598 5 1792 1793 1794
599 5 1795 1796 1797
600 5 1798 1799 1800
601 5 1801 1802 1803
602 5 1804 1805 1806
603 5 1807 1808 1809
604 5 1810 1811 1812
605 5 1813 1814 1815
606 5 1816 1817 1818
607 5 1819 1820 1821
608 5 1822 1823 1824
609 5 1825 1826 1827
610 5 1828 1829 1830
611 5 1831 1832 1833
612 5 1834 1835 1836
613 5 1837 1838 1839
614 5 1840 1841 1842
615 5 1843 1844 1845
616 5 1846 1847 1848
617 5 1849 1850 1851
618 5 1852 1853 1854
619 5 1855 1856 1857
620 5 1858 1859 1860
621 5 1861 1862 1863
622 5 1864 1865 1866
623 5 1867 1868 1869
624 5 1870 1871 1872
625 5 1873 1874 1875
626 5 1876 1877 1878
627 5 1879 1880 1881
628 5 1882 1883 1884
629 5 1885 1886 1887
630 5 1888 1889 1890
631 5 1891 1892 1893
632 5 1894 1895 1896
633 5 1897 1898 1899
634 5 1900 1901 1902
635 5 1903 1904 1905
636 5 1906 1907 1908
637 5 1909 1910 1911
638 5 1912 1913 1914
639 5 1915 1916 1917
640 5 1918 1919 1920
641 5 1921 1922 1923
642 5 1924 1925 1926
643 5 1927 1928 1929
644 5 1930 1931 1932
645 5 1933 1934 1935
646 5 1936 1937 1938
647 5 1939 1940 1941
648 5 1942 1943 1944
649 5 1945 1946 1947
650 5 1948 1949 1950
651 5 1951 1952 1953
652 5 1954 1955 1956
653 5 1957 1958 1959
654 5 1960 1961 1962
655 5 1963 1964 1965
656 5 1966 1967 1968
657 5 1969 1970 1971
658 5 1972 1973 1974
659 5 1975 1976 1977
660 5 1978 1979 1980
661 5 1981 1982 1983
662 5 1984 1985 1986
663 5 1987 1988 1989
664 5 1990 1991 1992
665 5 1993 1994 1995
666 5 1996 1997 1998
667 5 1999 2000 2001
668 5 2002 2003 2004
669 5 2005 2006 2007
670 5 2008 2009 2010
671 5 2011 2012 2013
672 5 2014 2015 2016
673 5 2017 2018 2019
674 5 2020 2021 2022
675 5 2023 2024 2025
676 5 2026 2027 2028
677 5 2029 2030 2031
678 5 2032 2033 2034
679 5 2035 2036 2037
680 5 2038 2039 2040
681 5 2041 2042 2043
682 5 2044 2045 2046
683 5 2047 2048 2049
684 5 2050 2051 2052
685 5 2053 2054 2055
686 5 2056 2057 2058
687 5 2059 2060 2061
688 5 2062 2063 2064
689 5 2065 2066 2067
690 5 2068 2069 2070
691 5 2071 2072 2073
692 5 2074 2075 2076
693 5 2077 2078 2079
694 5 2080 2081 2082
695 5 2083 2084 2085
696 5 2086 2087 2088
697 5 2089 2090 2091
698 5 2092 2093 2094
699 5 2095 2096 2097
700 5 2098 2099 2100
701 5 2101 2102 2103
702 5 2104 2105 2106
703 5 2107 2108 2109
704 5 2110 2111 2112
705 5 2113 2114 2115
706 5 2116 2117 2118
707 5 2119 2120 2121
708 5 2122 2123 2124
709 5 2125 2126 2127
710 5 2128 2129 2130
711 5 2131 2132 2133
712 5 2134 2135 2136
713 5 2137 2138 2139
714 5 2140 2141 2142
715 5 2143 2144 2145
716 5 2146 2147 2148
717 5 2149 2150 2151
718 5 2152 2153 2154
719 5 2155 2156 2157
720 5 2158 2159 2160
721 5 2161 2162 2163
722 5 2164 2165 2166
723 5 2167 2168 2169
724 5 2170 2171 2172
725 5 2173 2174 2175
726 5 2176 2177 2178
727 5 2179 2180 2181
728 5 2182 2183 2184
729 5 2185 2186 2187
730 5 2188 2189 2190
731 5 2191 2192 2193
732 5 2194 2195 2196
733 5 2197 2198 2199
734 5 2200 2201 2202
735 5 2203 2204 2205
736 5 2206 2207 2208
737 5 2209 2210 2211
738 5 2212 2213 2214
739 5 2215 2216 2217
740 5 2218 2219 2220
741 5 2221 2222 2223
742 5 2224 2225 2226
743 5 2227 2228 2229
744 5 2230 2231 2232
745 5 2233 2234 2235
746 5 2236 2237 2238
747 5 2239 2240 2241
748 5 2242 2243 2244
749 5 2245 2246 2247
750 5 2248 2249 2250
751 5 2251 2252 2253
752 5 2254 2255 2256
753 5 2257 2258 2259
754 5 2260 2261 2262
755 5 2263 2264 2265
756 5 2266 2267 2268
757 5 2269 2270 2271
758 5 2272 2273 2274
759 5 2275 2276 2277
760 5 2278 2279 2280
761 5 2281 2282 2283
762 5 2284 2285 2286
763 5 2287 2288 2289
764 5 2290 2291 2292
765 5 2293 2294 2295
766 5 2296 2297 2298
767 5 2299 2300 2301
768 5 2302 2303 2304
769 5 2305 2306 2307
770 5 2308 2309 2310
771 5 2311 2312 2313
772 5 2314 2315 2316
773 5 2317 2318 2319
774 5 2320 2321 2322
775 5 2323 2324 2325
776 5 2326 2327 2328
777 5 2329 2330 2331
778 5 2332 2333 2334
779 5 2335 2336 2337
780 5 2338 2339 2340
781 5 2341 2342 2343
782 5 2344 2345 2346
783 5 2347 2348 2349
784 5 2350 2351 2352
785 5 2353 2354 2355
786 5 2356 2357 2358
787 5 2359 2360 2361
788 5 2362 2363 2364
789 5 2365 2366 2367
790 5 2368 2369 2370
791 5 2371 2372 2373
792 5 2374 2375 2376
793 5 2377 2378 2379
794 5 2380 2381 2382
795 5 2383 2384 2385
796 5 2386 2387 2388
797 5 2389 2390 2391
798 5 2392 2393 2394
799 5 2395 2396 2397
800 5 2398 2399 2400
801 5 2401 2402 2403
802 5 2404 2405 2406
803 5 2407 2408 2409
804 5 2410 2411 2412
805 5 2413 2414 2415
806 5 2416 2417 2418
807 5 2419 2420 2421
808 5 2422 2423 2424
809 5 2425 2426 2427
810 5 2428 2429 2430
811 5 2431 2432 2433
812 5 2434 2435 2436
813 5 2437 2438 2439
814 5 2440 2441 2442
815 5 2443 2444 2445
816 5 2446 2447 2448
817 5 2449 2450 2451
818 5 2452 2453 2454
819 5 2455 2456 2457
820 5 2458 2459 2460
821 5 2461 2462 2463
822 5 2464 2465 2466
823 5 2467 2468 2469
824 5 2470 2471 2472
825 5 2473 2474 2475
826 5 2476 2477 2478
827 5 2479 2480 2481
828 5 2482 2483 2484
829 5 2485 2486 2487
830 5 2488 2489 2490
831 5 2491 2492 2493
832 5 2494 2495 2496
833 5 2497 2498 2499
834 5 2500 2501 2502
835 5 2503 2504 2505
836 5 2506 2507 2508
837 5 2509 2510 2511
838 5 2512 2513 2514
839 5 2515 2516 2517
840 5 2518 2519 2520
841 5 2521 2522 2523
842 5 2524 2525 2526
843 5 2527 2528 2529
844 5 2530 2531 2532
845 5 2533 2534 2535
846 5 2536 2537 2538
847 5 2539 2540 2541
848 5 2542 2543 2544
849 5 2545 2546 2547
850 5 2548 2549 2550
851 5 2551 2552 2553
852 5 2554 2555 2556
853 5 2557 2558 2559
854 5 2560 2561 2562
855 5 2563 2564 2565
856 5 2566 2567 2568
857 5 2569 2570 2571
858 5 2572 2573 2574
859 5 2575 2576 2577
860 5 2578 2579 2580
861 5 2581 2582 2583
862 5 2584 2585 2586
863 5 2587 2588 2589
864 5 2590 2591 2592
865 5 2593 2594 2595
866 5 2596 2597 2598
867 5 2599 2600 2601
868 5 2602 2603 2604
869 5 2605 2606 2607
870 5 2608 2609 2610
871 5 2611 2612 2613
872 5 2614 2615 2616
873 5 2617 2618 2619
874 5 2620 2621 2622
875 5 2623 2624 2625
876 5 2626 2627 2628
877 5 2629 2630 2631
878 5 2632 2633 2634
879 5 2635 2636 2637
880 5 2638 2639 2640
881 5 2641 2642 2643
882 5 2644 2645 2646
883 5 2647 2648 2649
884 5 2650 2651 2652
885 5 2653 2654 2655
886 5 2656 2657 2658
887 5 2659 2660 2661
888 5 2662 2663 2664
889 5 2665 2666 2667
890 5 2668 2669 2670
891 5 2671 2672 2673
892 5 2674 2675 2676
893 5 2677 2678 2679
894 5 2680 2681 2682
895 5 2683 2684 2685
896 5 2686 2687 2688
897 5 2689 2690 2691
898 5 2692 2693 2694
899 5 2695 2696 2697
900 5 2698 2699 2700
901 5 2701 2702 2703
902 5 2704 2705 2706
903 5 2707 2708 2709
904 5 2710 2711 2712
905 5 2713 2714 2715
906 5 2716 2717 2718
907 5 2719 2720 2721
908 5 2722 2723 2724
909 5 2725 2726 2727
910 5 2728 2729 2730
911 5 2731 2732 2733
912 5 2734 2735 2736
913 5 2737 2738 2739
914 5 2740 2741 2742
915 5 2743 2744 2745
916 5 2746 2747 2748
917 5 2749 2750 2751
918 5 2752 2753 2754
919 5 2755 2756 2757
920 5 2758 2759 2760
921 5 2761 2762 2763
922 5 2764 2765 2766
923 5 2767 2768 2769
924 5 2770 2771 2772
925 5 2773 2774 2775
926 5 2776 2777 2778
927 5 2779 2780 2781
928 5 2782 2783 2784
929 5 2785 2786 2787
930 5 2788 2789 2790
931 5 2791 2792 2793
932 5 2794 2795 2796
933 5 2797 2798 2799
934 5 2800 2801 2802
935 5 2803 2804 2805
936 5 2806 2807 2808
937 5 2809 2810 2811
938 5 2812 2813 2814
939 5 2815 2816 2817
940 5 2818 2819 2820
941 5 2821 2822 2823
942 5 2824 2825 2826
943 5 2827 2828 2829
944 5 2830 2831 2832
945 5 2833 2834 2835
946 5 2836 2837 2838
947 5 2839 2840 2841
948 5 2842 2843 2844
949 5 2845 2846 2847
950 5 2848 2849 2850
951 5 2851 2852 2853
952 5 2854 2855 2856
953 5 2857 2858 2859
954 5 2860 2861 2862
955 5 2863 2864 2865
956 5 2866 2867 2868
957 5 2869 2870 2871
958 5 2872 2873 2874
959 5 2875 2876 2877
960 5 2878 2879 2880
961 5 2881 2882 2883
962 5 2884 2885 2886
963 5 2887 2888 2889
964 5 2890 2891 2892
965 5 2893 2894 2895
966 5 2896 2897 2898
967 5 2899 2900 2901
968 5 2902 2903 2904
969 5 2905 2906 2907
970 5 2908 2909 2910
971 5 2911 2912 2913
972 5 2914 2915 2916
973 5 2917 2918 2919
974 5 2920 2921 2922
975 5 2923 2924 2925
976 5 2926 2927 2928
977 5 2929 2930 2931
978 5 2932 2933 2934
979 5 2935 2936 2937
980 5 2938 2939 2940
981 5 2941 2942 2943
982 5 2944 2945 2946
983 5 2947 2948 2949
984 5 2950 2951 2952
985 5 2953 2954 2955
986 5 2956 2957 2958
987 5 2959 2960 2961
988 5 2962 2963 2964
989 5 2965 2966 2967
990 5 2968 2969 2970
991 5 2971 2972 2973
992 5 2974 2975 2976
993 5 2977 2978 2979
994 5 2980 2981 2982
995 5 2983 2984 2985
996 5 2986 2987 2988
997 5 2989 2990 2991
998 5 2992 2993 2994
999 5 2995 2996 2997
1000 5 2998 2999 3000
