  28.476   24.364   32.129
  28.941   23.898   32.840
  29.603   24.546   33.129
  17.722    2.934   36.815
  17.069    3.652   36.809
  16.224    3.177   36.835
   3.356   19.976   12.608
   2.718   20.413   13.193
   2.191   19.674   13.533
  38.249   36.295   25.540
  38.845   37.054   25.448
  39.724   36.652   25.527
  34.424   24.739   25.413
  35.078   24.938   24.725
  34.582   24.790   23.904
  33.832   34.872   16.361
  34.115   34.065   16.818
  33.277   33.611   16.997
   7.710   16.970   32.655
   6.805   17.287   32.803
   6.287   16.467   32.813
  18.121   27.776   28.563
  18.991   27.685   28.981
  18.938   28.298   29.730
   7.142   31.261   29.179
   7.857   30.782   29.626
   7.673   29.857   29.404
  18.744   10.364   13.085
  17.842   10.595   12.816
  17.952   10.863   11.890
  31.578   34.384    9.085
  31.930   33.496    9.254
  31.164   32.923    9.090
   6.997   21.992    7.025
   6.683   21.099    7.238
   6.700   21.088    8.208
  26.543   34.117   33.191
  25.996   34.602   33.828
  25.836   35.447   33.379
  16.362    4.930   20.237
  15.985    4.250   19.656
  15.037    4.292   19.859
  28.305   19.703   29.887
  28.043   18.886   30.340
  27.790   19.197   31.223
  38.172   27.750   18.632
  38.854   28.416   18.812
  39.430   27.971   19.453
   0.133   36.387    4.672
   0.597   37.175    4.345
   0.001   37.898    4.596
  30.993   34.919    4.436
  30.909   33.953    4.429
  31.828   33.655    4.340
  34.145   20.349   29.592
  33.199   20.149   29.514
  32.865   20.886   28.979
  15.587   16.782   20.839
  16.032   15.992   21.184
  16.905   16.033   20.762
  18.540    7.132    7.981
  19.149    6.378    7.951
  19.975    6.778    7.636
  14.659   23.518   13.374
  14.537   24.457   13.163
  13.801   24.444   12.532
  24.335   39.352   34.702
  24.809   38.762   35.309
  24.515   37.880   35.030
  21.103   12.973    2.681
  21.461   13.521    1.965
  20.665   13.806    1.490
  12.393   24.814    2.669
  11.474   24.780    2.976
  11.051   25.496    2.475
  31.253   28.664   19.147
  32.118   28.225   19.138
  31.884   27.283   19.130
   5.540    1.341   24.311
   5.359    1.802   25.145
   4.821    2.558   24.864
  10.761   32.259   31.786
  11.474   31.822   31.294
  11.015   31.093   30.848
  19.268    0.001   33.699
  18.744    0.497   33.052
  18.861    1.418   33.335
  20.070   14.393   26.219
  20.034   15.224   26.719
  20.946   15.549   26.666
  28.472   24.750   12.000
  29.076   25.378   11.574
  28.672   25.513   10.703
  23.614   18.659    2.017
  22.959   17.944    2.053
  22.624   17.911    1.143
  24.465    8.021   39.051
  25.157    7.343   39.019
  25.974    7.866   39.009
  12.876   10.539   21.388
  13.223    9.638   21.483
  12.418    9.104   21.574
  18.432   38.900   36.960
  18.302   39.860   37.004
  17.337   39.951   36.971
  36.262   23.398   32.336
  36.008   22.724   31.686
  36.570   21.970   31.924
   9.094    0.004   15.209
   9.406    0.896   14.991
  10.371    0.809   15.044
  37.369   23.204   39.585
  38.311   23.095   39.382
  38.448   22.141   39.486
  37.386   29.559    0.018
  37.102   28.632    0.042
  37.451   28.319    0.891
  34.857   31.382   11.852
  34.911   30.413   11.845
  33.982   30.144   11.777
   0.125    8.556   39.659
   0.637    7.740   39.552
   1.536    8.066   39.389
   1.229   38.753   32.305
   0.362   38.540   32.686
   0.202   37.637   32.371
  16.828   38.705    6.074
  17.037   38.783    7.018
  16.238   38.439    7.448
  11.534   12.707   16.566
  12.365   12.212   16.633
  12.842   12.478   15.831
  37.673   30.352   33.424
  38.537   30.785   33.334
  39.152   30.036   33.292
  19.640    7.051   22.948
  19.295    7.950   22.827
  20.100    8.488   22.778
  13.101   10.385   18.640
  14.056   10.449   18.798
  14.423    9.807   18.170
  35.048   33.641    3.879
  35.905   33.186    3.876
  36.035   32.960    4.810
  15.339   31.437   11.567
  16.281   31.667   11.584
  16.717   30.802   11.536
  10.124   17.947    1.086
  11.031   18.052    0.757
  10.921   18.651    0.002
  34.307   11.554   10.506
  33.783   12.297   10.843
  34.397   13.045   10.775
   6.760   19.477    5.053
   6.046   19.818    4.492
   5.263   19.359    4.833
  23.308    1.695    9.370
  23.222    2.224    8.562
  24.006    1.970    8.050
   6.338   38.271   15.526
   5.740   38.529   14.807
   4.862   38.369   15.186
  15.665   15.887    0.267
  15.182   15.056    0.403
  15.717   14.600    1.071
  20.523   34.615   39.435
  20.484   35.554   39.193
  21.417   35.820   39.203
  15.184   26.021   36.385
  15.557   25.851   37.264
  15.427   26.695   37.723
  29.728   37.943   26.609
  28.948   37.994   26.034
  28.322   37.388   26.461
   5.642   11.624   20.394
   4.894   11.509   19.788
   4.351   10.842   20.235
  14.587    1.634   18.860
  14.447    2.556   18.592
  15.256    2.764   18.098
   4.122   35.827   17.068
   4.946   35.317   17.018
   4.668   34.427   17.285
  29.686   32.210    2.337
  29.401   33.117    2.532
  30.123   33.655    2.170
   4.249   37.423    9.629
   5.209   37.285    9.632
   5.290   36.319    9.614
  12.265   16.211   32.890
  13.107   16.311   33.360
  13.029   17.191   33.762
  21.100   22.416    6.161
  21.856   22.756    5.658
  22.382   21.959    5.490
  21.303   21.134   38.565
  22.166   20.696   38.627
  22.609   20.971   37.810
  30.607   17.127   39.396
  30.920   16.684   38.592
  30.735   17.336   37.898
  17.058   29.692    1.937
  17.617   29.670    2.729
  18.369   30.230    2.480
  24.841   39.107   13.926
  24.528   39.604   14.698
  24.656   38.977   15.427
  38.689   39.757   18.127
  39.581   39.653   17.761
  39.977   38.983   18.341
  18.459   24.915   29.743
  19.229   24.357   29.548
  19.586   24.754   28.739
  37.101    0.005    2.288
  37.598    0.439    1.578
  38.518    0.215    1.787
  17.771   17.308   30.311
  16.839   17.320   30.042
  16.367   17.273   30.889
  12.024   14.481   34.880
  11.464   15.262   35.006
  10.595   14.878   35.201
  36.844   25.472    2.354
  36.124   25.458    3.005
  36.361   24.711    3.576
   7.437   26.698    4.981
   7.817   25.838    4.741
   8.555   25.745    5.364
  39.499   11.434   12.349
  39.609   12.394   12.433
  38.707   12.729   12.311
  35.146    6.550    6.639
  34.858    6.046    5.861
  35.544    6.248    5.206
   7.435    8.122   38.942
   7.439    7.943   37.989
   7.709    7.012   37.943
   9.849    8.009   14.054
   9.267    7.799   14.801
   8.858    8.655   15.005
  36.486    4.813   22.863
  37.238    4.272   23.151
  37.493    4.684   23.991
  38.517   29.313   10.772
  38.320   30.179   11.163
  37.522   30.457   10.688
  22.648    8.543   28.145
  22.865    9.486   28.075
  23.647    9.488   27.501
  23.617    6.543   13.389
  24.214    7.298   13.507
  24.367    7.307   14.465
  39.581   28.875    1.020
  39.880   27.965    1.176
  39.300   27.665    1.893
  19.813   32.137    4.057
  18.986   32.135    3.551
  18.659   33.041    3.665
  19.631   17.138   24.481
  19.929   17.076   23.560
  20.258   16.165   23.499
   3.801   10.163    2.820
   4.279   10.470    3.607
   3.622   10.371    4.313
  33.019   10.947   13.178
  32.531   11.761   12.977
  33.228   12.436   12.967
  35.835    7.034   21.732
  36.629    6.657   21.322
  37.315    6.816   21.989
  34.224   28.858    1.628
  33.816   29.474    0.999
  34.081   30.342    1.341
   1.766    5.114   12.251
   0.813    5.270   12.165
   0.754    6.238   12.117
  17.774   21.734    2.153
  17.886   22.098    1.261
  17.169   22.749    1.200
  39.021   15.416   24.902
  38.867   15.516   25.854
  39.747   15.368   26.234
  20.845   25.019   10.388
  21.335   25.513   11.064
  22.041   24.897   11.314
   7.233   21.506   34.533
   6.277   21.662   34.590
   5.916   20.768   34.697
  19.967   17.980   11.502
  19.131   18.464   11.594
  18.474   17.827   11.275
  29.127   39.377   30.171
  29.163   38.645   30.806
  28.588   38.952   31.524
   3.122   37.124   32.908
   2.549   36.352   32.773
   2.116   36.548   31.928
  21.455    8.803   15.710
  20.764    8.546   16.340
  19.981    9.011   16.005
  16.619   32.072    1.689
  15.894   32.698    1.539
  15.368   32.263    0.850
  32.344   14.853   23.765
  32.500   15.564   23.124
  33.014   16.209   23.635
  35.483   18.129   25.436
  34.587   18.180   25.068
  34.465   19.131   24.921
  13.123    3.526   36.876
  12.502    4.264   36.984
  11.647    3.816   37.082
   4.530   27.425   28.777
   3.911   27.786   29.431
   3.527   26.990   29.830
  28.348    6.471   32.942
  27.593    6.721   33.497
  27.834    6.360   34.365
  32.636    9.481   26.257
  33.051    9.793   27.076
  33.269   10.716   26.871
  22.165   19.377   27.789
  22.717   19.944   27.227
  23.055   20.606   27.850
  27.484   23.702   17.744
  26.590   23.700   17.370
  26.024   23.709   18.157
   8.758   30.312   33.683
   7.818   30.072   33.704
   7.395   30.878   34.040
   8.273    9.362   25.715
   7.544    9.136   26.314
   6.757    9.344   25.788
  12.282   13.354   31.562
  11.938   14.171   31.167
  11.052   13.911   30.869
  10.780   39.966   24.074
  10.379   39.164   24.444
   9.430   39.314   24.311
  20.977   23.090   17.949
  20.584   22.282   17.583
  19.632   22.431   17.700
  35.462    7.666   35.016
  35.337    8.591   35.280
  35.021    8.516   36.194
  10.958   16.987   36.392
  11.201   17.777   35.884
  12.156   17.668   35.755
  36.904   22.906   22.032
  37.795   22.819   21.659
  37.631   22.391   20.804
  28.429   19.963   17.800
  28.856   19.589   17.013
  28.476   18.699   16.961
  31.485   36.401   20.815
  32.440   36.538   20.717
  32.526   37.504   20.743
  12.363   33.432   29.425
  11.540   33.937   29.331
  11.835   34.855   29.432
   7.612   18.041   16.254
   7.093   17.943   17.068
   7.680   17.423   17.639
  38.877   20.749    3.700
  37.948   20.667    3.433
  37.467   20.876    4.250
   8.302   18.624   21.407
   8.315   17.671   21.229
   8.729   17.307   22.027
  32.492   27.790    7.326
  31.791   28.315    6.910
  31.047   27.694    6.873
  28.323   19.875    3.558
  27.564   19.446    3.134
  27.973   18.941    2.413
  23.194   12.501    0.905
  22.975   11.556    0.916
  22.043   11.552    1.183
  21.364   16.687   20.851
  20.683   17.376   20.901
  21.041   17.989   21.562
   2.983    0.159    5.390
   3.602    0.667    4.843
   4.254    0.000    4.574
   8.345   36.058   12.545
   7.845   36.889   12.545
   8.543   37.563   12.546
  11.240    9.664   39.999
  10.521   10.298   39.851
   9.919    9.813   39.265
  27.455    8.982   14.363
  27.881    9.853   14.335
  28.825    9.634   14.309
   9.286   18.303   12.453
   9.669   19.021   11.925
   8.902   19.373   11.447
   3.728    8.647   19.758
   3.408    8.723   20.670
   2.645    8.124   20.683
  24.431    9.846   18.670
  23.700    9.217   18.773
  24.132    8.359   18.636
   9.682   17.882   29.077
   9.044   18.198   28.418
   8.189   18.029   28.844
  26.337   37.561   15.529
  27.143   38.044   15.291
  26.892   38.970   15.434
  34.814    2.113   11.742
  35.568    1.554   11.986
  36.298    1.938   11.474
  15.168   13.272   19.095
  14.991   12.578   18.441
  15.625   12.777   17.734
   0.811   17.821   23.273
   0.950   16.894   23.020
   0.090   16.487   23.206
  22.217   25.139   32.707
  22.670   24.556   33.336
  23.607   24.755   33.182
   6.319   17.920   38.033
   6.853   18.728   37.978
   7.754   18.387   37.867
  23.771   14.239   31.745
  24.188   14.332   32.616
  23.852   13.563   33.102
  28.645   18.469   38.590
  28.716   19.437   38.591
  27.789   19.723   38.618
  22.242   38.518   13.843
  22.808   37.761   13.625
  22.241   37.000   13.825
   5.841   13.459    2.379
   4.989   13.500    1.917
   4.851   12.583    1.632
   7.418   19.560    2.785
   8.259   20.042    2.798
   8.746   19.652    2.055
  21.321   22.674   36.617
  20.389   22.419   36.525
  19.916   23.233   36.760
   7.545    9.993   23.677
   6.613   10.196   23.499
   6.632   11.144   23.294
  30.799    7.711   34.379
  30.009    7.616   33.824
  30.036    8.410   33.268
  34.742   29.853    4.127
  34.384   29.933    5.025
  33.425   29.926    4.878
  20.962   10.489   36.529
  21.833   10.366   36.939
  22.443   10.490   36.195
  28.475    3.227   21.012
  28.189    3.454   21.911
  27.581    2.732   22.135
  22.743   19.699   18.950
  22.518   19.032   19.618
  22.698   18.196   19.159
  36.025   23.161   18.430
  35.065   23.120   18.562
  34.975   22.553   19.344
  33.684   27.343   22.494
  32.874   26.820   22.387
  32.307   27.148   23.102
  10.004   17.238    4.373
   9.518   16.440    4.631
   9.053   16.718    5.436
  13.040   23.188    8.871
  12.361   22.499    8.798
  11.539   22.983    8.970
   0.491   22.183   39.323
   1.382   22.560   39.253
   1.951   21.775   39.245
  11.783   24.361   11.050
  12.233   25.220   11.042
  11.582   25.810   11.454
  35.175    3.341   19.348
  35.049    2.388   19.483
  34.450    2.142   18.762
  22.184    7.699   21.129
  22.724    8.501   21.050
  23.629    8.163   21.136
  19.881    3.174   38.599
  19.012    3.588   38.476
  19.192    4.525   38.651
  10.599   15.298    2.196
  11.059   15.438    3.039
  11.907   15.819    2.764
   5.547    4.405   38.157
   6.477    4.681   38.172
   6.479    5.404   38.818
  20.170   36.272   33.093
  20.165   36.713   33.957
  20.737   36.144   34.495
   1.357    3.251   33.757
   1.636    4.152   33.529
   1.235    4.688   34.231
  18.375   36.750   19.806
  18.580   35.935   20.289
  17.704   35.610   20.550
  11.477    1.163   23.266
  10.718    0.743   23.699
  11.122    0.000   24.174
  16.554   20.831   32.027
  16.559   20.126   31.361
  17.487   19.845   31.348
  20.945   26.816   31.996
  20.368   26.685   31.227
  20.981   26.368   30.546
  27.349   35.100   28.728
  27.828   34.259   28.661
  28.215   34.158   29.544
   3.898   16.643    7.412
   3.367   17.214    6.834
   3.980   17.935    6.619
  23.128   24.642   37.714
  22.668   25.291   38.268
  22.140   24.736   38.863
  14.352   19.869   35.943
  14.140   19.875   34.996
  13.620   20.687   34.894
  13.597   27.894    4.256
  14.470   27.485    4.151
  15.066   28.250    4.118
  16.027    0.799    3.720
  15.925    1.664    3.294
  14.963    1.781    3.265
   6.962   34.190    7.262
   6.627   34.897    6.689
   7.437   35.349    6.405
  34.001   30.102    8.130
  34.702   30.257    8.783
  35.512   30.126    8.266
  36.992    0.763   13.487
  37.465    0.821   14.332
  37.985    0.002   14.348
  10.146   35.043    3.919
   9.303   34.781    3.517
   8.700   35.488    3.795
   6.351   37.571   20.392
   5.413   37.817   20.381
   5.441   38.786   20.360
  30.484   11.176    2.772
  30.574   11.999    3.279
  29.773   12.490    3.041
  11.860   21.202   12.710
  12.266   22.030   13.011
  12.998   22.153   12.386
  24.910   11.376   36.200
  25.213   11.380   37.121
  25.115   12.310   37.379
  36.844   22.792    1.578
  37.529   22.693    0.898
  37.856   21.792    1.047
  33.392   32.396    6.701
  34.177   32.078    7.174
  34.901   32.560    6.745
  30.759    6.837   19.972
  30.368    7.716   19.848
  29.416    7.541   19.906
  30.397   19.392   22.169
  29.884   20.182   21.939
  30.489   20.908   22.160
  21.860    3.082   27.662
  22.795    3.070   27.407
  22.977    4.001   27.202
  18.128   29.944    6.259
  17.674   30.801    6.284
  18.010   31.249    5.492
  30.755    3.853   30.224
  29.937    4.314   30.469
  29.648    4.705   29.630
  22.503   13.937   16.019
  21.780   14.444   15.616
  21.917   14.300   14.667
  30.217   32.804   33.117
  31.142   32.913   33.389
  31.274   33.872   33.333
  18.281   14.218    8.369
  17.850   13.888    7.566
  18.063   12.942    7.577
  33.238   12.141   20.573
  32.480   11.606   20.291
  32.894   10.894   19.778
  19.238    4.033   12.051
  19.446    4.971   11.917
  18.618    5.327   11.558
   2.709   31.909   20.585
   2.919   32.582   21.253
   2.051   32.968   21.452
  16.079   22.321    7.092
  15.870   22.142    6.162
  15.756   23.030    5.790
  37.996   29.895    3.774
  37.039   30.000    3.654
  36.892   29.649    2.762
   8.110   21.241   29.368
   7.237   21.525   29.055
   7.375   22.462   28.845
  25.169   31.267   37.709
  25.827   31.431   37.015
  26.351   30.615   37.014
  14.136    8.309   23.776
  13.182    8.379   23.620
  12.958    9.234   24.019
   5.799    6.538   33.058
   6.725    6.824   33.025
   6.655    7.791   33.014
  20.817   24.357   14.867
  20.555   24.138   13.959
  21.330   24.405   13.438
  26.137    2.319   23.824
  25.770    1.438   23.654
  26.552    0.866   23.689
  24.450   34.808   23.686
  24.304   35.707   23.351
  24.186   36.225   24.162
   7.737   26.830   10.319
   7.712   25.977    9.857
   6.854   25.611   10.122
  20.131   16.846   13.423
  20.535   15.975   13.558
  21.483   16.180   13.603
  36.257   17.925   19.158
  35.355   17.866   18.805
  35.100   18.796   18.703
  19.457    8.429    6.226
  19.010    8.089    5.435
  18.454    7.377    5.788
   9.216   12.514   38.284
   9.014   11.820   38.931
   8.057   11.914   39.060
  32.524   28.453   24.861
  32.176   29.052   25.540
  31.571   28.484   26.042
  26.541   31.807   34.869
  27.307   32.310   35.188
  26.910   33.139   35.497
  26.367   26.726   17.789
  27.271   27.078   17.776
  27.806   26.312   18.037
  32.553   19.309    4.618
  32.323   19.792    3.809
  32.067   19.083    3.198
  11.954   23.387   39.332
  11.527   23.026   38.540
  12.239   22.518   38.120
   0.726   36.865   12.491
   0.594   35.904   12.504
   1.500   35.560   12.504
   2.881   21.327    8.889
   2.394   21.851    9.544
   2.792   22.731    9.458
   4.538   16.503   18.020
   4.180   15.800   18.584
   3.497   15.399   18.024
  15.684   21.497   29.136
  15.422   22.059   28.391
  16.196   22.021   27.807
  14.143   27.170   16.929
  13.606   27.971   17.036
  12.758   27.624   17.353
  28.277    7.729    8.286
  28.914    7.873    7.569
  28.380    7.735    6.771
  15.189   12.708    4.492
  16.016   12.383    4.104
  16.691   12.727    4.711
  34.773   20.975    5.380
  35.714   20.983    5.616
  35.707   21.320    6.526
  34.578   11.373   33.350
  33.653   11.243   33.087
  33.377   10.487   33.629
   5.150    7.421   24.584
   5.011    6.633   24.036
   4.358    6.934   23.385
   0.605   17.396   27.834
   1.461   17.852   27.807
   2.095   17.121   27.740
  11.110   32.421   23.588
  10.256   32.667   23.977
   9.629   32.101   23.500
   5.717   33.293   25.686
   5.607   32.580   26.335
   6.521   32.329   26.538
   8.908    9.856    4.706
   8.876    9.551    5.626
   8.497    8.661    5.548
   0.651   25.607   10.935
   0.354   24.686   11.004
   1.187   24.193   11.068
   0.043    3.489   27.508
   0.710    3.024   26.979
   0.782    3.578   26.186
   7.850   16.162   14.052
   8.541   16.782   14.332
   8.130   17.648   14.184
  21.557    4.837   31.929
  21.275    3.919   32.061
  20.344    4.011   32.319
  15.975   38.401   35.634
  15.847   37.441   35.584
  14.936   37.359   35.262
   3.491    1.703   31.005
   4.110    2.036   31.674
   3.526    2.267   32.413
  11.586    6.109   31.331
  12.511    6.343   31.157
  12.497    7.312   31.170
  17.536    1.844    7.374
  17.527    1.317    6.560
  16.694    0.824    6.630
  39.693   35.334    4.681
  39.478   34.393    4.768
  39.553   34.239    5.722
   2.400    5.287   38.475
   2.853    4.975   39.274
   3.400    5.736   39.524
   6.127    7.808   29.438
   6.434    8.546   28.887
   6.341    8.198   27.986
   5.366   18.599   24.571
   5.025   18.565   25.479
   5.661   17.989   25.929
  22.025   25.497   35.967
  21.511   25.332   35.161
  20.717   24.887   35.495
  21.995   32.186    4.497
  22.785   32.174    3.934
  22.474   32.589    3.114
  37.787   20.499   14.943
  37.828   21.415   14.628
  38.642   21.428   14.101
  10.704   17.669   13.852
  11.326   17.871   14.568
  11.671   18.743   14.317
  40.026    1.666   10.489
  39.942    2.618   10.321
  38.998    2.783   10.470
  36.922   33.266   25.832
  37.137   32.475   25.313
  37.651   31.939   25.937
  37.957    2.107   16.619
  37.120    2.022   16.136
  36.511    1.690   16.814
  29.715    3.258   37.606
  30.313    3.562   38.306
  31.061    2.948   38.235
   5.266   18.729   10.536
   5.923   19.397   10.287
   6.153   19.149    9.378
  13.702   26.826    8.396
  12.762   26.953    8.597
  12.528   26.137    9.066
   6.227    3.084   28.759
   6.639    3.871   29.149
   5.883    4.351   29.521
  18.636    3.780   20.487
  17.806    3.280   20.447
  18.107    2.368   20.308
  18.471   19.698    2.874
  17.760   19.052    2.744
  17.049   19.586    2.356
  17.152   31.166   22.264
  16.645   31.964   22.483
  16.218   31.727   23.322
  29.591    1.363   17.819
  30.107    0.715   18.325
  29.427    0.235   18.823
   1.700   11.781   30.764
   1.540   12.737   30.771
   0.577   12.796   30.872
  15.895   19.515    9.443
  16.740   19.991    9.424
  17.029   19.958   10.350
   1.034   18.612   38.461
   1.293   19.517   38.693
   0.527   20.042   38.413
  26.360    2.478    9.875
  25.708    3.088   10.252
  26.130    3.375   11.077
  38.455   20.580   37.827
  39.404   20.381   37.828
  39.811   21.262   37.816
   7.034   16.463   10.549
   6.849   15.523   10.397
   5.884   15.474   10.488
  19.112    8.042   37.372
  18.563    7.731   38.108
  19.203    7.283   38.683
  20.353    2.947   10.125
  21.308    2.819   10.233
  21.599    3.659   10.621
  26.402   22.259   30.356
  26.289   22.170   31.315
  26.515   21.241   31.476
  37.698    9.770   27.256
  37.610    8.968   27.795
  38.043    8.292   27.251
  25.697   25.711    4.294
  26.280   24.948    4.431
  27.166   25.332    4.338
  29.478   24.489    3.695
  29.103   24.434    2.802
  29.735   23.865    2.335
  17.812    7.351   31.641
  17.694    6.506   32.102
  18.486    6.449   32.660
  23.298    6.090   23.330
  22.785    6.898   23.482
  23.412    7.601   23.251
  13.402   31.990   17.483
  13.746   31.163   17.855
  12.939   30.679   18.091
  15.607   18.795    6.337
  16.115   19.080    5.562
  15.947   20.035    5.531
  39.798    9.457   24.194
  39.481    9.123   25.048
  39.997    9.638   25.688
   1.584    4.888   31.259
   0.713    5.248   31.488
   0.115    4.509   31.296
  18.265   19.906   24.593
  18.457   19.095   24.097
  17.801   18.469   24.441
  18.236   27.557   31.702
  18.322   28.123   32.485
  18.976   27.651   33.024
   9.849   21.371   11.551
  10.209   21.764   10.740
  10.904   22.353   11.074
  29.271    9.560   22.205
  30.020    9.250   21.671
  29.888    9.705   20.825
  30.460   24.883   38.669
  30.813   23.980   38.642
  31.473   23.983   39.353
  23.671    9.274   31.593
  24.630    9.409   31.540
  24.713   10.375   31.505
  14.003   22.999   15.520
  13.426   23.031   16.300
  13.734   22.279   16.829
  24.666   19.570    3.725
  25.470   20.053    3.476
  25.554   20.714    4.181
  20.143   24.521   25.434
  20.721   23.742   25.435
  21.609   24.131   25.435
  35.297    6.503    1.403
  34.382    6.181    1.406
  33.867    6.989    1.257
  35.846   34.343   31.782
  36.797   34.148   31.769
  36.820   33.188   31.629
  24.869   17.748   22.880
  25.681   17.219   22.820
  25.630   16.844   21.927
   1.563   18.248   36.113
   1.274   18.063   35.206
   1.493   18.883   34.736
  37.176   26.109   28.840
  36.531   25.524   28.414
  36.016   26.133   27.862
  24.462   39.956   20.076
  25.058   39.259   20.391
  24.507   38.770   21.022
  31.526   10.691   11.316
  31.019   11.278   10.733
  30.148   10.853   10.700
  11.398   24.394   15.774
  10.911   23.588   16.004
  10.210   23.916   16.590
  20.112   14.062    9.859
  20.594   13.643   10.588
  19.903   13.141   11.047
  31.875   32.483    0.678
  32.405   31.799    1.115
  31.743   31.303    1.623
  18.922    5.498   18.356
  19.098    4.763   17.748
  18.586    4.035   18.133
   6.106   15.732   30.478
   6.392   15.205   29.716
   7.242   15.608   29.479
  18.691   32.321   20.555
  19.650   32.467   20.555
  19.724   33.431   20.628
  35.813    0.789   21.377
  35.658    0.532   22.300
  34.844    0.007   22.246
  11.827   15.313    8.402
  11.508   14.428    8.167
  10.661   14.611    7.732
   6.764    7.653   23.085
   6.506    8.065   22.246
   5.644    8.459   22.452
   5.272   33.938   30.122
   5.966   34.606   30.005
   5.467   35.438   29.992
   0.400   35.640    8.509
   0.898   36.062    7.792
   1.590   36.549    8.265
  32.051   17.894   27.820
  31.194   18.290   27.597
  30.773   17.607   27.052
  38.535   37.088   12.199
  39.174   36.390   12.411
  40.000   36.728   12.030
  22.862   39.759   11.573
  21.908   39.816   11.408
  21.734   39.032   10.865
   3.495   35.293   10.447
   2.544   35.179   10.599
   2.181   36.049   10.371
   7.133    4.322   25.623
   6.187    4.152   25.497
   5.787    5.024   25.643
   8.478   36.201   25.919
   9.148   36.780   25.523
   9.314   37.431   26.223
  22.179   11.535   15.111
  21.416   10.941   15.039
  21.609   10.435   14.234
   8.421   14.091   13.657
   8.494   14.485   12.773
   9.423   14.760   12.734
  22.329   39.363   28.892
  21.700   38.831   29.404
  22.258   38.436   30.092
   3.090   35.883    4.006
   3.053   34.970    4.331
   2.102   34.821    4.453
  34.486    7.906   18.056
  35.434    8.013   18.231
  35.460    8.204   19.181
   0.769   15.375   29.722
   1.708   15.592   29.837
   2.101   15.310   28.997
  25.700    0.377   38.245
  26.046    0.061   39.095
  25.914    0.823   39.681
   8.963   13.348   28.451
   9.518   14.110   28.222
   9.198   14.801   28.822
  28.182    6.626   13.273
  28.553    6.538   14.165
  27.829    6.844   14.733
  10.674    5.017   19.753
  10.976    4.121   19.536
  10.158    3.600   19.577
   8.485   30.063   17.952
   8.083   29.836   17.099
   7.456   30.562   16.954
  12.626   18.121   38.338
  13.143   18.422   37.574
  12.643   19.192   37.262
  25.550   28.946   32.144
  24.616   29.072   31.917
  24.606   28.944   30.956
  26.952   29.047   15.551
  27.261   28.130   15.613
  28.227   28.224   15.598
   9.408    1.662   18.854
   8.667    1.328   19.384
   9.044    0.545   19.815
  33.302   14.441    7.455
  33.915   14.662    8.173
  34.024   15.621    8.079
   7.020    4.264    2.338
   6.895    5.175    2.029
   5.994    5.161    1.669
  38.232   36.115   15.084
  37.426   35.797   15.520
  37.249   34.959   15.064
   0.366    5.034   37.675
   0.002    5.627   37.000
   0.792    5.921   36.520
  14.129    4.828   34.428
  14.587    4.387   35.162
  14.661    5.090   35.826
  36.556   16.073   35.767
  36.051   15.247   35.706
  36.744   14.569   35.676
  15.593   10.591   30.738
  15.729    9.707   30.362
  16.656    9.731   30.079
  30.325   22.784   23.812
  31.151   22.871   23.311
  30.940   23.559   22.661
  38.628   13.090   14.512
  38.788   12.286   15.031
  37.922   11.849   15.028
  29.978   20.798   19.660
  29.250   21.439   19.647
  29.309   21.853   20.522
  37.849   21.687   18.088
  37.790   20.734   18.257
  38.718   20.454   18.254
  27.279   12.019   36.088
  27.991   12.168   36.728
  27.535   12.606   37.464
  30.711    8.438   26.780
  30.991    7.749   26.157
  30.156    7.312   25.928
  36.416   36.691   22.438
  36.148   37.153   21.628
  36.986   37.510   21.294
  22.162   22.391   20.734
  22.858   22.969   20.383
  23.149   22.500   19.585
  21.657   33.567   15.942
  21.611   32.599   15.907
  22.544   32.337   15.874
  21.351   12.321   16.996
  20.914   12.917   17.624
  21.567   13.001   18.336
  13.305   23.684   22.768
  14.187   24.090   22.761
  14.779   23.322   22.742
  31.115    8.656    0.846
  31.400    9.572    0.987
  30.961   10.051    0.266
  19.800   10.513   28.076
  20.625   10.003   28.115
  20.313    9.085   28.141
  27.632   19.089   25.943
  28.085   19.929   26.113
  27.412   20.589   25.887
   9.046   24.487    2.883
   8.679   24.646    2.000
   8.445   23.755    1.697
  12.970   36.401   12.673
  12.948   37.104   12.005
  13.414   36.705   11.253
  23.884   17.550   13.201
  23.150   17.486   12.571
  23.340   16.659   12.100
  16.416    9.503    0.760
  17.081    9.950    1.308
  16.857   10.887    1.202
  10.696   16.544   23.583
  10.454   17.272   24.177
  10.685   18.060   23.659
  34.017    6.106   36.483
  34.276    6.620   37.264
  33.428    6.954   37.596
  11.332    0.019    1.321
  12.299   -0.001    1.252
  12.516    0.900    0.967
  35.480   18.613   35.573
  36.344   18.754   35.991
  36.332   19.701   36.203
   4.638   24.613   26.664
   5.314   24.917   26.039
   4.831   25.550   25.486
  14.657   12.556   12.862
  15.089   12.704   12.006
  15.682   13.450   12.187
  31.897   10.235   22.481
  32.389    9.408   22.606
  33.313    9.702   22.604
  33.834   26.829   26.147
  34.279   27.683   26.028
  35.201   27.481   26.251
   9.085   33.111    7.109
   8.895   33.454    6.222
   8.589   32.667    5.745
   4.836   15.172   34.481
   4.192   14.562   34.089
   4.599   13.693   34.234
  21.336   25.692   16.583
  21.500   26.085   17.455
  21.393   25.332   18.057
  37.568    5.504   26.754
  38.325    5.656   26.167
  38.646    4.758   25.989
  22.557   23.691   27.601
  22.178   22.837   27.338
  21.893   22.456   28.183
   6.777    9.132   19.100
   7.515    9.757   19.023
   7.067   10.612   18.925
  35.395    2.411    1.378
  36.328    2.226    1.570
  36.702    3.110    1.708
  27.058    1.419   15.001
  27.628    0.656   14.816
  28.236    0.650   15.572
  16.190    7.069   17.626
  16.613    6.979   18.494
  16.723    7.899   18.779
  24.834    1.471   14.946
  24.733    0.592   15.345
  24.760    0.000   14.577
  10.178   10.997   13.896
  10.557   11.862   13.671
   9.827   12.308   13.214
  28.202   35.590   21.100
  28.311   36.199   21.847
  29.253   36.428   21.805
  31.301   19.996    6.875
  30.964   19.377    6.209
  30.002   19.484    6.279
   7.671   24.750   33.119
   8.159   23.965   32.823
   8.977   24.341   32.462
  13.837   36.112   31.729
  14.746   36.149   31.393
  14.962   37.093   31.455
  22.509   21.410   13.320
  22.639   20.710   12.662
  21.959   20.060   12.899
  30.782   23.250   19.583
  30.227   24.034   19.445
  29.643   23.761   18.720
  15.412   29.491   15.824
  15.650   28.644   16.233
  15.853   28.894   17.148
  21.847    1.254   32.819
  21.432    1.218   31.943
  21.912    0.499   31.504
  15.007   13.784   27.967
  14.278   13.146   28.012
  13.492   13.713   28.032
  31.485   32.316   14.999
  30.917   33.101   14.959
  31.457   33.736   14.464
   7.444   19.064   35.333
   7.113   18.388   34.722
   6.851   17.667   35.316
  12.877   20.778    1.310
  12.116   20.474    0.791
  11.536   21.251    0.779
   9.279   28.556   30.520
  10.058   28.306   31.041
  10.232   29.102   31.568
   5.911   30.608    9.976
   5.415   30.700    9.148
   5.429   31.657    8.990
  36.796   13.535   24.888
  36.540   14.350   24.428
  36.112   14.869   25.127
  11.848   14.621   15.348
  12.314   15.441   15.124
  13.246   15.174   15.142
   8.096   29.909    1.907
   8.003   30.690    2.475
   7.730   30.310    3.324
   7.423   24.676    7.180
   6.888   24.639    7.988
   6.140   24.078    7.728
  36.388   36.023    2.593
  37.253   35.783    2.962
  37.244   34.813    2.924
  10.660   25.586   24.420
  10.827   24.644   24.578
  11.634   24.477   24.067
  20.046   26.667   20.311
  19.245   26.629   19.766
  18.879   27.523   19.854
  30.715   20.231   31.039
  30.557   21.186   31.108
  29.604   21.261   30.944
  16.549   22.976   12.351
  16.746   22.029   12.422
  15.880   21.642   12.623
   9.278   37.057    5.243
   9.367   37.060    6.209
  10.079   37.701    6.360
  37.461   15.659   17.084
  36.552   15.999   17.106
  36.023   15.219   16.879
  20.125   19.724   18.643
  20.651   20.108   17.924
  20.181   19.813   17.128
  11.927   26.670   13.658
  11.615   25.913   14.178
  10.663   25.900   13.995
  21.501   12.225   22.117
  21.798   12.904   21.490
  22.005   12.389   20.694
  14.083   39.994   18.986
  14.595   39.181   19.121
  15.131   39.124   18.315
  31.915   25.676    6.633
  32.776   25.228    6.641
  32.538   24.303    6.808
  21.028    9.461   24.576
  20.851    9.983   25.374
  20.104   10.542   25.108
  15.543    4.679   38.595
  15.265    5.471   39.079
  14.439    5.719   38.634
  21.646   17.625   38.582
  21.468   17.660   39.534
  21.514   16.728   39.799
  16.076   26.572    9.096
  16.905   26.862    8.684
  17.401   27.232    9.431
   5.445   29.419   29.098
   5.008   30.283   29.163
   4.151   30.064   29.561
  13.487   25.106   15.108
  14.076   25.877   15.084
  14.872   25.558   15.538
   9.618    0.722   26.805
   9.450    1.669   26.679
  10.312    2.071   26.874
   9.315   35.314    9.912
   9.570   34.750    9.166
   8.719   34.406    8.852
  12.104    7.726    8.763
  12.860    7.237    9.123
  12.614    6.311    8.971
  22.031   20.039   35.674
  22.562   19.270   35.934
  23.418   19.664   36.165
  10.006   39.363   17.341
   9.444   38.830   16.756
   9.004   38.223   17.372
  39.999    4.960   30.793
  39.501    5.246   31.575
  39.185    6.127   31.322
   1.656   35.935   24.613
   1.205   36.159   23.785
   0.269   36.025   24.003
  23.265   22.872   39.962
  24.229   22.972   40.001
  24.461   23.200   39.087
   0.006   37.048   21.072
   0.614   37.699   21.456
   1.358   37.694   20.835
   3.161   34.440    7.790
   2.568   33.684    7.923
   1.784   33.928    7.408
  24.043   26.170   25.209
  23.879   26.216   26.164
  24.330   25.426   26.501
  25.429   35.741    9.829
  25.820   36.019    8.985
  25.392   36.873    8.818
  29.909   36.827   38.817
  30.857   36.697   38.655
  31.143   37.563   38.326
  16.648    6.902   25.325
  16.487    7.451   24.541
  17.322    7.934   24.440
   9.168   26.623   37.000
  10.013   26.170   37.149
   9.743   25.337   37.566
  30.496   28.383    9.389
  30.723   29.316    9.522
  31.133   29.563    8.678
  33.137   31.767    9.892
  34.051   32.091    9.903
  33.943   33.042   10.059
   4.184   27.436   23.476
   5.015   27.847   23.190
   5.124   28.579   23.818
   0.618   35.885   14.757
   0.861   36.787   15.018
   0.016   37.263   14.969
   5.342   38.490    2.202
   4.575   37.943    1.969
   4.982   37.155    1.575
  20.317   25.582   23.196
  19.545   25.966   23.640
  19.766   26.909   23.683
  30.811   29.734    5.489
  31.061   29.397    4.614
  30.281   29.597    4.073
  24.841   32.147   33.484
  24.706   32.831   34.158
  23.802   32.658   34.465
  33.857   20.607   31.991
  33.932   21.439   31.498
  33.893   22.111   32.197
   0.082    6.548   29.161
  -0.018    5.595   29.008
   0.859    5.246   29.230
  28.932    5.733   22.445
  29.200    6.391   21.785
  29.946    6.838   22.214
  11.718   13.691   12.051
  12.248   14.391   12.462
  13.157   14.072   12.350
  18.032    1.991   39.759
  18.602    1.310   39.369
  17.974    0.750   38.887
  18.078   19.868   16.270
  18.488   19.480   15.481
  17.735   19.360   14.882
   6.656   14.468   15.506
   5.707   14.516   15.699
   5.529   15.470   15.682
  12.314    2.998   25.289
  12.962    2.350   25.608
  12.430    1.772   26.177
   6.268   11.898    4.074
   6.334   11.219    4.763
   7.247   11.315    5.077
  18.124   19.649   27.661
  18.197   18.874   27.083
  17.352   18.876   26.608
  33.033    3.276   12.317
  32.630    3.695   13.094
  33.344    3.673   13.749
  39.194   37.520    8.987
  39.202   36.571    9.187
  39.971   36.478    9.770
  21.423    5.912   27.177
  21.154    5.104   26.714
  20.321    4.869   27.152
  22.928   21.535   23.295
  22.913   22.412   23.709
  22.651   22.218   24.622
   4.097    9.578   33.255
   4.725    8.839   33.263
   4.154    8.066   33.133
  17.929   31.014   37.482
  17.178   31.572   37.226
  17.074   32.161   37.989
  32.262   19.380   25.834
  31.941   20.280   25.671
  31.861   20.311   24.704
  38.303   29.938   35.493
  38.014   29.777   36.404
  38.831   29.889   36.915
  13.977    8.170    2.596
  14.249    9.059    2.874
  14.700    8.895    3.717
  11.932   13.176   23.258
  11.829   14.126   23.092
  11.308   14.148   22.274
   7.048   38.494    6.180
   7.964   38.812    6.192
   7.860   39.775    6.245
  24.851   34.013   31.369
  24.257   34.342   32.062
  23.537   34.750   31.556
  35.047   20.181   16.974
  35.936   20.228   16.588
  36.115   19.308   16.341
  23.454   34.876   16.985
  23.663   35.532   16.302
  23.017   35.334   15.605
  26.603   29.247   23.595
  26.476   29.791   24.388
  27.235   30.395   24.360
  19.866   29.829   28.421
  20.772   30.080   28.659
  20.652   30.563   29.492
   4.364    9.984   26.851
   4.688   10.890   26.977
   3.922   11.431   26.730
  37.920    9.000   22.257
  38.027    9.962   22.311
  37.927   10.140   23.259
  26.896   37.337   20.277
  25.997   36.982   20.356
  26.140   36.022   20.338
  32.421   15.244    4.315
  33.195   15.765    4.580
  33.454   15.358    5.421
   1.660   19.698    3.272
   0.859   19.175    3.429
   1.001   18.388    2.880
  16.867   13.859   32.382
  16.072   13.666   31.860
  16.103   12.702   31.764
  34.381   34.137   25.742
  34.596   33.241   26.045
  33.850   33.022   26.625
  33.499    9.539   31.432
  32.594    9.762   31.701
  32.166    8.894   31.766
  32.042   21.331    0.442
  32.049   20.399    0.711
  31.273   20.036    0.256
  15.471   24.395   20.672
  14.819   24.927   20.190
  15.292   25.759   20.030
   2.304    3.920   15.350
   1.924    3.217   15.901
   2.635    2.559   15.934
  37.939   23.488    7.537
  37.414   22.680    7.648
  37.903   22.028    7.121
  18.777   23.231   10.443
  18.065   23.879   10.317
  18.307   24.591   10.929
  23.361   11.340   38.360
  23.896   11.010   39.099
  24.277   10.191   38.743
  27.235   11.584   23.453
  27.072   12.540   23.481
  27.378   12.839   22.611
  30.906    4.559   27.586
  30.406    5.047   26.913
  31.098    5.353   26.307
   3.714   16.643    2.020
   3.098   15.917    1.836
   2.235   16.359    1.831
  23.884   38.579   38.775
  23.779   37.640   38.557
  22.891   37.438   38.890
   4.459   22.448   12.910
   4.219   21.994   12.087
   3.686   22.657   11.620
  33.485   24.602   19.143
  34.176   25.181   18.784
  33.670   25.843   18.288
  23.798   12.967    4.245
  23.930   13.921    4.361
  24.870   13.985    4.591
  12.584   36.571   22.257
  12.359   35.628   22.207
  12.592   35.301   23.090
   7.094    4.173   34.716
   6.657    4.938   34.311
   6.876    5.661   34.919
   4.115    5.552    7.193
   3.422    5.068    6.717
   3.892    4.287    6.385
  11.457   20.284   32.688
  12.211   20.739   33.096
  11.795   21.258   33.802
   2.321   23.220    1.958
   3.161   22.758    1.810
   3.661   23.385    1.264
  22.026   30.855    1.744
  21.994   29.996    2.194
  22.856   29.607    1.982
  22.627   30.138   10.283
  22.032   29.645   10.869
  22.644   29.162   11.446
  23.235   36.105   36.199
  24.027   35.554   36.098
  24.535   35.753   36.900
  26.266   31.578   10.345
  26.288   30.881    9.670
  26.264   30.067   10.196
  36.225   38.735   35.250
  37.123   39.096   35.187
  37.021   39.826   34.556
  26.921   15.815   25.183
  26.437   16.569   24.812
  25.909   16.880   25.564
  13.196    4.992   22.989
  12.419    4.562   23.380
  12.172    5.168   24.097
   1.016    6.991    8.826
   1.254    6.236    9.386
   0.435    5.715    9.408
  11.657   15.412    0.265
  12.111   14.555    0.265
  13.023   14.792    0.036
   8.269   13.603    9.149
   9.180   13.446    9.445
   9.292   14.096   10.156
  15.960   34.005   38.883
  15.053   33.671   38.810
  15.012   32.996   39.506
  30.722    9.263   17.717
  31.685    9.284   17.608
  32.008    8.985   18.473
  38.577   27.799   35.052
  37.642   27.679   35.280
  37.186   28.224   34.620
  19.151   37.297   21.889
  18.460   37.413   22.559
  17.661   37.102   22.104
  10.168   21.611   31.480
   9.920   22.501   31.183
  10.560   23.069   31.640
  20.026   13.935   24.058
  19.783   13.084   24.455
  19.286   12.647   23.745
  20.535   14.424   28.709
  20.822   13.498   28.725
  19.984   13.010   28.717
   3.737   14.944   30.501
   4.013   14.501   31.319
   3.184   14.427   31.817
  26.838   26.395   20.903
  26.352   25.682   20.459
  27.005   25.327   19.837
  16.081   18.260   33.215
  15.201   18.123   33.599
  14.623   18.627   33.004
  33.277   17.502   21.870
  34.007   16.954   21.544
  34.736   17.589   21.461
   0.655   25.939    4.676
   0.212   26.172    3.845
   0.017   27.115    3.959
  10.435   20.019    9.020
   9.517   19.920    8.722
   9.617   19.626    7.803
  14.741    7.603   21.183
  15.659    7.756   21.456
  16.153    7.104   20.935
  37.986    9.021   11.638
  37.117    8.819   12.018
  37.122    9.316   12.851
   1.720   39.465    3.301
   2.643   39.212    3.147
   2.717   38.364    3.613
  22.444   21.261   15.763
  22.669   22.136   15.410
  23.101   22.570   16.162
   8.854    6.213    0.464
   8.098    5.663    0.205
   8.510    4.807    0.008
  24.484   20.553    9.714
  24.556   21.405    9.257
  24.362   22.046    9.958
  11.596   16.056    5.724
  12.558   16.032    5.848
  12.808   16.968    5.795
  26.276   28.463    8.091
  25.352   28.168    8.118
  24.863   28.997    8.239
  21.135   14.573   39.996
  21.162   13.798   39.414
  22.113   13.631   39.318
  15.895   25.165   23.660
  16.274   24.943   22.795
  17.214   24.813   22.996
  35.686   14.099    3.003
  34.944   14.672    3.253
  35.187   15.526    2.861
  15.837    5.800   28.732
  14.961    5.412   28.581
  15.059    4.511   28.925
  35.655   36.972   14.576
  35.719   36.333   13.849
  34.868   35.869   13.892
  23.579   17.551   37.010
  24.046   18.001   37.731
  24.879   18.273   37.315
   7.399    8.378    3.663
   6.503    8.081    3.441
   5.978    8.892    3.523
  36.679   16.553   21.567
  36.885   15.609   21.480
  36.516   15.384   20.612
  34.256   27.286   36.169
  34.731   28.096   36.412
  34.014   28.727   36.579
  15.864   31.883   19.258
  16.583   31.615   18.664
  16.711   30.680   18.885
  10.645    4.047    7.005
  10.616    5.016    6.968
  10.102    5.248    7.758
  15.085   17.515   28.729
  14.397   18.022   28.270
  14.564   18.931   28.565
  32.999   17.021   18.427
  33.458   16.916   17.579
  34.142   16.259   17.782
   7.731   28.023   32.391
   7.761   27.065   32.244
   8.683   26.913   31.985
   7.114   37.046   31.593
   6.163   36.930   31.442
   5.892   37.791   31.086
  32.137   13.316   30.455
  31.305   12.817   30.428
  31.600   11.898   30.526
  10.921   37.207   23.570
  10.161   36.633   23.386
  10.354   35.841   23.913
  26.334   29.980   20.864
  26.628   29.056   20.881
  25.793   28.562   20.888
  20.736   22.314   23.111
  20.669   23.281   23.115
  19.713   23.434   23.050
  11.071   36.047   37.060
  11.110   36.791   36.439
  11.562   36.409   35.670
  33.714   15.054   11.882
  33.474   15.251   10.963
  32.960   16.069   11.043
  37.015   14.927    8.155
  36.395   14.418    7.610
  36.645   14.666    6.706
  20.349   20.827   10.400
  20.318   21.676   10.868
  21.141   22.109   10.589
  19.834   13.886   21.316
  19.040   14.442   21.344
  19.059   14.804   22.244
  35.350   24.009   13.388
  35.903   24.669   12.940
  36.709   24.680   13.479
  21.989    3.223   29.948
  22.061    4.132   29.615
  21.156    4.333   29.332
  39.208   30.942    7.564
  39.117   31.671    8.196
  39.987   31.699    8.624
   5.101   32.317   16.409
   5.440   32.546   15.529
   5.666   31.682   15.151
   2.193    9.522   10.032
   2.551    8.633   10.176
   3.480    8.804   10.394
   8.704   16.349    1.615
   8.190   16.484    2.426
   8.140   17.450    2.494
  21.797    3.528   37.442
  21.783    4.434   37.098
  20.849    4.684   37.179
  32.208    1.691   15.156
  32.614    1.059   14.541
  32.520    1.501   13.683
   9.007    4.278   37.764
   9.237    5.082   37.271
   8.518    5.152   36.624
  30.691   26.426   21.445
  30.195   27.257   21.381
  30.869   27.928   21.569
  30.960   23.393   34.843
  31.630   23.254   34.156
  31.971   24.149   34.000
   7.768    6.226   29.699
   8.418    6.189   28.980
   8.864    5.341   29.132
  23.348   21.826    7.465
  23.028   22.694    7.757
  22.340   22.466    8.402
  18.033    5.479   23.388
  17.424    5.649   22.653
  17.939    5.379   21.876
  34.755   14.705    0.859
  34.945   13.806    0.550
  35.915   13.773    0.557
  16.214   21.822   38.416
  17.169   21.704   38.538
  17.423   22.496   39.038
  29.424    4.739    3.486
  29.165    3.812    3.373
  28.947    3.534    4.277
  35.407   19.689   20.973
  35.041   20.562   20.763
  35.783   21.159   20.946
  33.374   36.332   29.016
  32.629   36.493   29.615
  32.761   37.416   29.885
  15.030    1.085   15.530
  15.208    0.970   16.477
  15.327    0.011   16.561
  19.822   24.399   33.513
  19.098   24.863   33.962
  18.792   24.211   34.613
  21.782   30.848   35.104
  20.977   30.626   34.611
  21.316   30.396   33.732
  17.095   24.651   31.818
  16.653   25.087   31.073
  15.791   25.333   31.445
  36.902   11.649   18.079
  36.093   11.504   18.594
  36.152   12.180   19.287
  12.763   19.695    8.474
  13.385   20.198    9.023
  13.904   20.691    8.369
  21.402   33.578   33.275
  22.229   33.147   33.009
  21.930   32.283   32.684
   4.756   28.506   38.534
   5.084   29.412   38.422
   4.295   29.952   38.585
  24.314   27.669   11.190
  24.310   26.700   11.236
  25.133   26.457   10.784
  36.831   35.753   19.345
  37.376   36.501   19.053
  36.723   37.114   18.682
  18.012   22.590   31.628
  18.571   22.571   32.420
  19.395   22.176   32.096
   6.483   34.284   38.162
   6.025   34.175   37.314
   5.239   33.661   37.555
  18.224   22.138    6.136
  18.511   21.490    5.473
  19.115   22.004    4.914
   2.769   20.843    6.705
   1.891   21.225    6.552
   2.049   22.178    6.641
  25.245    4.475   17.196
  24.502    3.930   16.893
  24.933    3.270   16.328
  19.498   31.748   22.644
  20.449   31.694   22.460
  20.731   32.621   22.498
  17.337   33.017    9.685
  17.332   33.392    8.790
  18.225   33.762    8.705
  11.159    0.862   33.946
  12.062    1.005   33.620
  12.586    0.383   34.150
  22.621    5.399   17.973
  21.991    6.050   18.317
  22.556    6.808   18.533
  12.900   18.743    2.195
  12.345   19.142    2.883
  11.926   18.372    3.298
   3.786   14.769    6.154
   4.165   14.441    6.985
   5.119   14.450    6.808
   1.293   39.781   25.077
   0.935   38.968   24.686
   0.012   38.971   24.985
   7.791    5.370    7.623
   7.898    4.429    7.415
   7.055    4.203    6.991
  34.619    6.426   32.036
  33.662    6.287   32.122
  33.295    6.872   31.441
  30.636   23.297    0.375
  30.882   24.157   -0.000
  31.418   24.556    0.703
  40.013   36.794    1.238
  39.331   36.291    1.709
  39.013   36.924    2.372
  27.863    4.479   10.227
  28.522    5.188   10.182
  27.996    5.959    9.918
  36.490    6.918   13.370
  35.646    6.615   13.000
  35.435    7.301   12.348
  21.637   26.730   28.218
  21.221   26.400   27.406
  20.275   26.527   27.579
  25.735   31.477   30.622
  26.605   31.833   30.383
  27.154   31.036   30.311
   6.466   23.963    4.759
   5.511   23.824    4.857
   5.299   24.326    5.659
   6.914   12.737   11.047
   6.294   12.357   10.406
   6.652   11.468   10.258
   2.992   29.271   19.145
   3.391   30.121   18.903
   4.335   29.976   19.077
  13.991   16.302   12.836
  13.460   17.037   12.492
  14.125   17.619   12.092
  34.564    2.546   25.426
  34.917    1.913   26.070
  34.275    1.958   26.795
  12.573   32.250   21.493
  13.436   32.691   21.461
  13.199   33.631   21.416
  39.382   31.778   18.906
  38.530   31.734   19.368
  38.408   32.642   19.687
  29.527   21.645    2.775
  29.946   21.410    1.932
  29.819   20.449    1.886
  34.571   24.868   32.096
  34.055   24.960   31.280
  34.695   24.728   30.590
  20.266    1.525    7.742
  20.589    0.633    7.541
  21.462    0.800    7.153
  23.294    4.212    3.183
  22.414    4.579    3.357
  21.867    3.787    3.477
  26.843   16.242   18.103
  27.295   15.843   17.343
  27.845   16.569   17.011
  31.943   22.263   17.872
  32.606   21.619   18.165
  33.407   21.901   17.696
  32.983   26.149   38.450
  33.306   26.431   39.320
  33.718   27.289   39.133
   3.312   22.362   35.400
   4.137   22.038   35.005
   3.825   21.467   34.286
  34.151    3.787   30.248
  33.440    3.745   30.906
  33.866    4.081   31.710
  29.437    1.671   39.125
  28.472    1.580   39.164
  28.332    0.646   38.942
  26.144    3.268    7.796
  25.748    4.024    8.256
  25.712    4.705    7.565
   0.003   21.672   12.057
   0.501   21.534   11.236
   0.108   20.724   10.876
  34.768   10.757   40.000
  34.724   11.492   39.368
  35.400   11.258   38.714
  38.140   32.259    4.187
  38.679   32.278    4.993
  39.339   31.586    4.830
  15.390    6.650   34.442
  14.856    7.389   34.111
  14.016    6.963   33.877
  30.459   33.379   38.036
  29.507   33.446   38.209
  29.347   34.402   38.182
  36.478    8.306    6.318
  37.415    8.121    6.151
  37.649    7.514    6.870
  21.524   38.054   24.155
  22.114   37.983   23.389
  22.305   37.033   23.348
  26.420   37.194   17.769
  26.470   36.299   17.398
  26.210   35.738   18.146
   9.755   10.099   11.897
   9.133    9.363   11.780
   8.313    9.811   11.521
  35.364    4.518    7.716
  34.401    4.461    7.813
  34.237    3.504    7.805
  14.932   23.662   33.398
  14.032   23.306   33.334
  14.177   22.347   33.321
  16.259   28.803   25.040
  17.194   28.801   24.783
  17.379   27.859   24.643
  31.326   35.349   16.906
  31.060   36.267   17.070
  31.887   36.686   17.356
  35.982   31.803   33.541
  35.246   31.353   33.984
  35.664   30.557   34.348
  15.150   38.720   12.530
  14.900   38.495   11.620
  14.881   39.358   11.179
  32.405   32.799   36.266
  31.575   32.390   35.975
  30.973   33.148   35.904
  35.798    7.194   39.550
  36.586    7.273   38.990
  36.285    6.919   38.139
  16.973   28.066   34.264
  16.160   28.562   34.450
  16.466   29.264   35.046
  13.762   28.203   29.272
  13.770   28.488   28.345
  14.688   28.772   28.213
  29.625   38.604   37.049
  29.816   38.543   36.100
  29.025   38.107   35.746
  28.365   12.536   16.992
  29.019   13.249   16.918
  28.530   14.026   17.231
   6.048   13.570   22.271
   5.345   12.939   22.487
   4.537   13.460   22.358
  28.062   16.110    4.265
  27.816   16.818    4.881
  26.972   16.508    5.243
  29.869    4.300   15.340
  29.609    3.763   14.576
  28.841    4.240   14.225
  38.836   38.526    0.928
  39.316   39.353    0.765
  38.606   40.013    0.730
  28.864   26.749   23.156
  28.094   27.039   22.642
  27.430   27.216   23.327
  35.853    4.194    3.790
  35.519    3.670    4.534
  36.326    3.443    5.022
   6.167   27.640    2.706
   6.641   28.388    3.103
   6.248   28.449    3.988
  31.627    2.942   20.711
  32.369    3.542   20.535
  31.962    4.238   19.996
  29.763   30.354   32.043
  29.422   29.911   31.250
  29.191   29.027   31.577
  10.902   37.105   -0.003
  10.558   37.139    0.903
  10.810   38.028    1.199
  17.983   13.338   29.659
  17.540   13.993   30.221
  18.280   14.425   30.677
  10.866   32.022   26.029
  11.795   31.755   26.110
  12.276   32.561   25.863
  30.365   22.744   13.517
  30.106   22.351   12.669
  30.164   21.399   12.843
  14.868   10.674   14.642
  14.116   10.237   14.213
  13.361   10.525   14.750
  25.598    6.939    7.397
  26.118    7.234    8.160
  25.480    7.188    8.890
  17.014   25.520   27.976
  16.326   25.688   27.313
  15.910   26.504   27.632
  30.357   23.012    5.354
  29.447   22.864    5.657
  29.080   22.286    4.970
  31.253    0.068   25.684
  31.466   -0.001   26.628
  32.017    0.781   26.785
  38.222   21.100   30.598
  38.505   21.217   29.677
  37.671   21.383   29.212
  27.862   30.721   33.312
  28.150   31.630   33.133
  27.722   31.833   32.287
  28.964    2.293   34.749
  28.390    2.687   35.425
  28.747    3.585   35.517
  20.087   20.555   34.407
  19.364   21.196   34.502
  18.573   20.655   34.354
  23.373   26.045   29.666
  23.726   26.605   28.958
  24.440   27.091   29.400
  17.902   24.071   20.170
  18.299   23.186   20.197
  18.294   22.974   21.144
  25.920   15.694   11.896
  26.752   16.102   12.183
  27.250   15.350   12.541
   2.651   15.694   14.537
   2.140   15.367   15.293
   1.933   14.454   15.038
  39.524   18.159   37.845
  38.564   18.193   37.712
  38.304   17.260   37.756
  32.153    2.521   35.567
  31.322    2.581   36.064
  30.917    1.713   35.916
  15.695    7.967   31.850
  14.874    8.428   32.084
  15.193    9.260   32.466
  29.687    9.566    8.740
  29.045    9.998    8.155
  29.532   10.771    7.830
  23.132   27.615   18.723
  24.063   27.847   18.866
  24.282   27.375   19.685
   6.600   38.008   27.504
   7.509   37.670   27.515
   7.449   36.901   28.103
   0.588   21.202   22.128
   0.465   22.013   22.647
   0.838   21.777   23.511
  35.645   12.076    4.567
  35.016   11.877    5.278
  35.166   10.933    5.444
   4.755   16.907   29.153
   5.144   17.623   29.680
   6.053   17.671   29.344
  18.481   38.683   11.630
  17.647   39.092   11.351
  17.681   39.966   11.769
  21.805   17.732   24.596
  22.626   17.221   24.660
  22.329   16.310   24.509
   5.468    5.255   18.184
   5.012    4.401   18.232
   5.743    3.765   18.275
  37.849   36.081   37.586
  36.964   36.045   37.190
  36.891   36.904   36.744
  29.578   22.542    8.847
  29.544   21.572    8.839
  28.596   21.387    8.926
  28.831   13.522    9.976
  28.995   13.443    9.023
  28.609   12.580    8.807
  15.719    9.778   36.633
  15.546   10.029   37.554
  14.628    9.744   37.688
  12.905   31.603   37.973
  13.410   32.431   37.973
  12.721   33.106   37.870
  38.897    5.082   13.111
  37.973    5.212   13.373
  37.695    4.323   13.643
   6.277   39.208    0.001
   7.243   39.285    0.043
   7.506   38.481    0.518
  13.680   17.033    9.936
  13.408   17.963    9.969
  12.440   17.908    9.938
  24.862    3.311   31.637
  23.914    3.110   31.688
  23.543    3.911   32.092
  10.817   29.013    3.435
  10.418   28.204    3.790
   9.704   28.542    4.353
  37.681   28.298   31.026
  38.324   28.960   31.327
  39.003   28.422   31.762
   3.156    9.993    7.027
   2.746    9.123    7.158
   3.066    8.615    6.396
  12.310   36.676   26.763
  12.397   37.061   25.877
  11.504   37.391   25.693
   7.179   19.233   27.232
   7.024   20.134   26.908
   7.876   20.571   27.064
  12.830    4.530   12.088
  12.027    4.617   12.625
  12.330    4.368   13.512
  20.012    6.744   34.241
  20.579    6.077   34.659
  20.293    6.098   35.585
  15.772   14.601    5.636
  16.670   14.771    5.961
  16.533   15.454    6.636
  38.149   20.237   20.372
  38.626   19.966   21.172
  38.048   19.285   21.550
  25.300   33.198   24.931
  25.710   32.416   24.531
  26.650   32.533   24.736
  31.131   25.756   16.745
  30.823   24.856   16.556
  31.464   24.541   15.899
  29.793   32.492   20.396
  30.256   33.131   20.960
  31.174   32.820   20.934
   0.001    3.322   13.507
   0.495    2.503   13.346
   1.396    2.736   13.620
  27.039   15.366    9.132
  27.972   15.399    8.868
  28.085   16.318    8.581
  31.971   12.827    6.693
  31.034   12.711    6.914
  31.062   12.434    7.843
  22.903   15.004   20.156
  23.780   14.594   20.219
  23.617   13.683   19.928
  26.927   12.941   34.080
  26.507   13.452   33.370
  26.504   14.355   33.724
  22.685    4.846   21.452
  22.433    4.073   20.923
  21.471    4.170   20.840
   2.461   18.738   31.884
   3.315   18.282   31.820
   3.875   18.932   31.367
  16.980   10.549   19.967
  17.794   10.657   19.452
  17.875    9.807   18.992
  38.308    2.708   30.386
  38.492    2.782   29.436
  37.863    2.157   29.043
  23.137   31.927   19.856
  23.495   31.178   19.355
  23.519   31.515   18.446
  16.797   34.104   21.968
  16.158   34.822   22.098
  15.485   34.415   22.667
  28.245    5.000    6.455
  27.760    4.800    5.640
  27.029    5.437    5.659
   4.155   22.513    6.817
   4.646   21.808    7.267
   4.820   22.189    8.142
  16.866    0.966   18.821
  17.812    0.948   18.609
  18.020    0.001   18.619
  14.748    1.683    0.625
  14.951    0.939    1.213
  14.580    0.179    0.738
   2.897    8.067    3.751
   2.210    8.656    4.101
   1.475    8.050    4.284
  19.491   36.957    6.005
  18.974   36.150    5.859
  18.165   36.482    5.439
   4.577   13.743    4.351
   5.090   14.567    4.364
   6.000   14.254    4.489
  25.260   32.756    0.332
  24.292   32.821    0.346
  24.137   33.778    0.338
   9.676   23.887    5.050
   9.591   22.958    5.315
   8.652   22.883    5.548
  27.781    3.683   17.036
  27.326    2.936   16.616
  27.634    2.175   17.132
   5.993    4.191   21.240
   6.817    4.669   21.055
   7.428    3.959   20.804
  27.164    9.963    3.435
  26.339    9.595    3.790
  26.625    9.181    4.620
   3.294   24.996    8.260
   3.574   25.715    7.672
   3.429   25.342    6.788
  16.064   25.930    6.006
  15.210   26.381    6.106
  15.336   26.908    6.910
  22.959   23.905   30.019
  22.488   23.737   30.850
  21.556   23.814   30.593
  36.566   29.027   21.802
  36.542   29.893   22.238
  35.592   30.081   22.296
   3.965   33.841   35.462
   4.777   33.353   35.256
   4.452   32.458   35.071
  37.978    5.096   28.884
  37.200    4.517   28.919
  36.482    5.130   29.141
   3.787   32.376   39.321
   2.968   32.833   39.075
   2.612   32.274   38.366
   6.251   22.991   30.686
   6.327   23.934   30.471
   5.922   24.365   31.240
  17.436   35.706    7.366
  17.059   36.328    8.008
  16.204   35.924    8.226
   8.470    6.081   26.768
   7.842    6.812   26.879
   7.177    6.634   26.196
  12.234   17.632   20.931
  12.193   16.667   21.028
  11.245   16.480   20.948
  31.776   13.354    9.767
  31.714   14.300    9.971
  30.795   14.512    9.746
   3.277   20.602   16.678
   4.080   20.371   16.185
   4.677   20.051   16.879
  33.716   32.397   29.384
  34.529   32.821   29.701
  34.957   32.117   30.212
  33.336   11.514   37.469
  33.974   12.223   37.290
  33.405   12.989   37.118
   2.131    5.646   17.102
   1.460    6.316   16.897
   0.627    5.856   17.084
   9.930   37.473   34.285
   9.036   37.347   33.929
   9.092   36.477   33.502
   1.514   17.513   13.653
   1.200   17.498   12.735
   0.541   18.209   12.719
  15.839    3.109   30.887
  15.512    4.009   31.046
  16.325    4.538   31.054
  25.159   18.216   18.544
  24.783   19.070   18.280
  25.569   19.629   18.170
  21.171    2.925    5.656
  21.627    2.111    5.390
  22.515    2.424    5.158
  19.736   11.507   38.054
  20.486   12.107   38.189
  20.245   12.881   37.657
  16.708   12.103   33.836
  17.063   11.340   34.317
  17.146   10.666   33.624
   0.724    3.420   19.125
   0.884    3.820   18.256
   0.008    3.794   17.840
  25.188   16.048    7.043
  24.566   16.575    6.516
  23.701   16.248    6.810
  37.763   38.734    4.979
  36.844   39.029    5.077
  36.925   39.995    5.086
  34.372   32.590    1.807
  34.379   33.507    1.491
  33.445   33.763    1.543
  34.428   25.348   21.358
  35.244   25.724   20.992
  35.917   25.075   21.251
  14.287   14.735    7.220
  14.540   15.671    7.186
  14.243   16.008    8.046
   9.330   23.077    8.066
   9.316   22.156    7.762
  10.144   22.079    7.263
  22.504    7.362   36.512
  22.300    8.230   36.894
  23.148    8.503   37.279
  12.337   22.302   30.304
  13.255   22.614   30.347
  13.768   21.794   30.276
  21.616   38.220   26.947
  21.231   37.340   26.811
  21.948   36.745   27.081
   2.095   27.502   31.417
   2.177   28.418   31.723
   1.274   28.636   32.004
  13.268    4.174    9.173
  12.304    4.135    9.065
  12.120    3.183    9.096
  31.801   23.302   26.898
  32.543   23.901   27.077
  33.317   23.366   26.841
  31.288   30.545   21.836
  30.620   30.372   22.518
  31.009   29.641   23.024
  14.853    2.259   27.667
  13.939    1.959   27.789
  14.021    1.285   28.482
  17.318   33.427   14.592
  17.141   34.357   14.383
  16.177   34.377   14.275
  33.165   29.855   16.390
  34.070   29.903   16.736
  34.192   29.033   17.147
   2.788   36.027   14.276
   3.676   35.643   14.342
   4.251   36.424   14.354
  37.894   19.092   13.230
  38.081   18.151   13.087
  38.977   18.161   12.714
  11.737   34.707   16.358
  12.654   34.528   16.097
  13.096   35.376   16.261
  26.890   25.699   14.138
  26.823   24.952   13.523
  26.035   24.482   13.837
  15.199   12.637    7.415
  14.897   11.715    7.417
  13.939   11.799    7.543
  25.866   17.736    0.004
  24.993   17.930    0.379
  24.727   17.080    0.762
  31.817    5.051   11.564
  32.255    5.056   10.698
  33.022    5.630   10.845
  35.523   11.308   14.181
  34.945   12.077   14.308
  35.571   12.817   14.336
  21.086   24.293    3.919
  21.985   24.338    3.556
  22.313   25.187    3.891
  18.486   36.415   16.614
  17.570   36.166   16.812
  17.116   37.022   16.855
   0.330   29.387   12.383
  -0.008   29.582   13.271
   0.583   29.073   13.846
   5.469   18.891   19.026
   6.339   19.261   19.244
   6.872   18.471   19.423
   5.545   26.867   33.102
   6.008   26.134   33.537
   5.281   25.586   33.871
  17.562   38.432    2.868
  18.379   38.669    3.335
  18.232   38.313    4.225
   9.018   16.419   35.521
   9.159   17.312   35.168
   9.381   17.146   34.238
  21.599   23.028    1.222
  20.662   22.942    1.461
  20.529   21.982    1.477
  11.723   35.562    6.735
  11.183   34.758    6.695
  10.277   35.104    6.693
   7.217    0.934   26.634
   6.806    0.071   26.796
   6.195   -0.024   26.048
  21.248    6.733   25.122
  20.312    6.979   25.191
  20.273    7.449   26.039
   8.594   18.747   23.692
   7.677   18.962   23.920
   7.601   18.650   24.836
  38.718    0.139   28.849
  38.878    0.300   27.905
  39.821    0.525   27.880
  35.427   26.328    8.946
  35.299   27.287    8.874
  36.184   27.639    9.057
  38.626   34.658   17.511
  39.059   34.155   16.804
  38.868   33.235   17.043
  37.152   27.265   24.074
  36.583   27.960   24.442
  37.215   28.546   24.886
  21.390   15.583    2.879
  21.388   15.983    1.995
  20.927   16.824    2.138
  22.073    0.362   29.137
  22.546    1.165   28.866
  23.451    0.847   28.722
  14.937   11.242   34.878
  14.670   12.117   35.199
  15.474   12.446   35.630
  22.982    1.816    0.939
  23.572    1.844    1.708
  23.097    1.315    2.367
  29.643    1.279   32.893
  29.325    0.402   33.158
  28.375    0.448   32.968
   6.502    6.590   19.824
   5.891    6.636   20.576
   5.038    6.818   20.153
  16.445   39.785   20.326
  16.457   38.987   20.877
  16.463   38.271   20.222
   5.352    7.299    1.690
   4.573    6.841    1.337
   3.885    7.047    1.989
  18.603   36.675   10.584
  18.066   35.884   10.420
  17.192   36.252   10.216
  14.452   37.040   18.295
  14.658   36.182   17.893
  15.535   35.977   18.253
  22.894   37.153    3.065
  23.818   37.449    3.079
  23.936   37.752    3.992
  26.127   19.578   29.507
  26.513   19.530   28.618
  26.642   20.463   28.386
  13.728   16.935   24.448
  14.359   17.627   24.700
  15.218   17.224   24.496
   9.319   22.098   26.155
  10.285   22.035   26.224
  10.592   22.695   25.582
  30.850    1.591   23.322
  30.082    2.150   23.519
  29.661    1.688   24.261
   7.270   37.633   38.068
   6.847   36.760   38.034
   7.560   36.185   37.715
  23.951   24.601    8.376
  23.418   25.411    8.362
  24.088   26.112    8.352
  18.338    2.541   14.427
  17.617    3.082   14.784
  17.812    3.965   14.433
  33.574   22.493   24.627
  34.106   21.855   24.126
  34.826   22.402   23.774
   3.477    4.435   28.731
   2.601    4.257   28.353
   2.586    4.820   27.563
  38.595   38.059   39.756
  38.995   37.877   38.891
  39.434   37.023   39.029
   8.134    9.373   21.160
   7.455    9.988   21.475
   7.928   10.834   21.513
  31.131   13.508   33.545
  31.889   12.913   33.429
  32.646   13.482   33.640
  31.515    6.387   28.712
  32.040    5.695   29.143
  32.734    5.511   28.492
  16.040   22.002    9.977
  15.130   22.336    9.948
  15.253   23.297    9.887
   1.235   29.113    4.827
   1.859   28.412    4.584
   2.638   28.616    5.124
  20.079    7.353   20.508
  19.558    6.536   20.467
  20.216    5.872   20.207
  26.983   19.242   20.187
  26.213   18.859   20.636
  26.488   18.847   21.566
   6.042   34.328    2.940
   6.948   34.585    2.709
   7.452   33.772    2.868
  24.328   28.156   22.505
  24.897   27.440   22.828
  25.036   27.675   23.759
  31.578   23.558   30.319
  32.233   23.755   31.007
  31.695   23.804   31.813
  35.628   13.110   22.455
  35.053   12.329   22.431
  34.164   12.712   22.486
   8.211    0.836   10.389
   9.153    1.047   10.488
   9.508    0.255   10.922
   2.182   30.079   16.468
   2.592   30.942   16.302
   2.657   30.970   15.335
  29.937   35.865   15.126
  29.855   35.325   14.324
  29.480   35.947   13.681
  33.909    1.849   31.931
  34.838    1.574   31.884
  34.801    0.772   31.340
  18.595   36.754   38.756
  18.252   37.660   38.804
  17.703   37.642   39.604
  38.479    9.285   31.567
  38.217    9.422   30.643
  38.288    8.533   30.262
  12.894    4.050   28.410
  12.487    4.407   29.215
  12.784    5.331   29.217
  38.315    1.975   32.544
  38.033    2.903   32.560
  38.873    3.386   32.578
  35.225   22.018    2.987
  35.593   21.139    2.807
  34.890   20.543    3.107
  38.027   10.738   39.109
  38.342    9.948   38.643
  37.579    9.351   38.685
  28.410    9.408   18.744
  28.724   10.301   18.530
  28.520   10.802   19.335
  38.378   23.850   29.576
  38.389   24.368   30.396
  38.022   23.752   31.049
  35.725   20.323   23.294
  36.558   20.819   23.252
  37.227   20.136   23.412
  11.728    3.508   15.559
  11.104    3.095   14.941
  11.664    2.478   14.446
  34.934    0.004   38.139
  35.809    0.418   38.079
  35.598    1.362   38.007
  12.855    7.107   39.529
  12.489    7.985   39.335
  12.179    7.894   38.421
  24.988   33.950    4.870
  24.062   33.875    4.591
  23.637   34.620    5.043
  28.497   23.835   21.345
  27.815   23.489   20.748
  27.001   23.588   21.266
   1.210   15.366    5.632
   0.976   14.450    5.417
   1.291   14.353    4.505
  19.494   38.807   14.006
  20.227   39.394   13.764
  20.242   39.338   12.796
  26.097   13.274   12.365
  26.501   13.306   13.247
  26.240   12.456   13.636
   5.219   25.833   21.535
   6.184   25.811   21.438
   6.427   26.750   21.474
   9.934   16.256   27.025
  10.642   16.258   26.363
  11.297   15.652   26.743
  13.819   13.466   25.689
  14.572   12.916   25.421
  15.336   13.426   25.733
   2.733   11.211   14.578
   3.556   10.718   14.434
   3.255    9.797   14.396
   8.146   28.103   28.058
   7.607   27.298   28.089
   8.197   26.657   28.517
  24.666   15.131   38.757
  24.112   15.370   39.516
  23.240   15.509   39.115
  27.374   11.856   31.851
  28.266   12.236   31.838
  28.096   13.190   31.799
  10.033    5.065   33.141
   9.748    5.262   32.235
  10.092    4.509   31.730
   2.887   29.561    7.468
   3.715   30.057    7.378
   4.388   29.359    7.364
   7.736   10.871   15.583
   7.338   11.061   14.719
   7.945   11.715   14.339
  33.349   34.530   19.091
  32.399   34.334   19.057
  31.997   35.216   19.014
  28.508    2.412    8.393
  28.469    3.154    7.770
  28.947    3.857    8.237
  37.795    4.609   10.987
  36.957    4.230   10.682
  37.193    3.840    9.825
  13.599   21.129   39.324
  13.711   21.813   40.003
  14.525   22.262   39.729
   0.852    9.181   23.413
   1.018    8.227   23.360
   0.161    7.872   23.075
  10.102    5.682   39.784
  10.376    6.115   38.961
  11.042    5.506   38.606
   1.837   18.935    0.663
   2.774   18.802    0.876
   2.992   17.987    0.398
   5.048   29.334   32.059
   4.221   29.791   32.281
   4.290   30.620   31.782
  12.258   10.025    2.268
  12.423   10.981    2.284
  13.383   11.034    2.409
  14.213   38.590   36.923
  14.437   39.515   36.735
  13.810   40.007   37.288
  31.838   22.638    2.674
  32.757   22.747    2.967
  32.800   22.192    3.761
   7.300   39.511   22.404
   8.117   39.573   21.885
   8.629   38.809   22.193
   4.819    2.842   22.715
   3.977    3.318   22.798
   4.210    4.221   22.528
  36.294    8.461    2.889
  35.912    9.251    3.303
  35.956    9.044    4.249
  29.328    2.877   26.110
  29.317    2.053   26.621
  29.666    2.327   27.484
  33.733   34.696   22.527
  33.259   34.191   21.848
  32.330   34.293   22.109
  36.811   12.428   11.204
  36.771   12.114   10.287
  37.406   12.689    9.832
  22.586   29.565   26.544
  22.698   28.863   25.883
  21.962   29.020   25.272
  13.377   38.270    6.621
  13.773   37.679    5.962
  13.071   37.029    5.802
   9.151   33.078   30.291
   9.678   32.736   29.552
   9.008   32.540   28.879
   8.531   25.072   13.540
   8.655   24.910   12.591
   7.839   25.260   12.201
  26.503   14.205   35.995
  25.741   14.784   36.149
  26.061   15.650   35.852
   6.079   21.628   25.281
   6.714   22.085   25.855
   7.244   22.599   25.227
  37.041   13.148   39.386
  37.396   13.579   38.593
  38.169   14.058   38.933
  14.938   18.923   15.481
  14.410   19.701   15.242
  15.081   20.336   14.947
  39.356   18.022   17.385
  39.228   18.213   18.328
  38.585   17.540   18.601
  21.946    8.341   33.988
  22.599    7.748   33.586
  22.668    7.029   34.233
  29.663   34.770   18.370
  29.221   34.738   19.233
  29.921   35.013   19.846
  30.142   30.372   35.842
  30.077   30.979   35.088
  29.890   30.385   34.345
  25.040   22.083   24.197
  24.806   22.614   24.975
  25.611   23.130   25.137
  10.664    2.537    2.332
  11.413    3.108    2.099
  11.319    3.210    1.139
   2.367   26.148   28.137
   1.832   25.698   27.464
   2.457   25.063   27.078
  22.178   19.903   24.744
  23.114   19.940   24.994
  23.527   19.304   24.389
  27.957   17.085   21.393
  28.486   17.692   20.852
  28.273   17.419   19.946
  12.382   30.748   33.012
  12.590   30.018   33.616
  13.231   29.494   33.111
  15.389    8.977   11.805
  15.554    9.155   12.744
  15.815    8.287   13.088
  16.798   22.298   36.342
  17.201   21.416   36.336
  18.151   21.610   36.294
   4.083   29.963   35.676
   3.568   29.850   36.491
   3.343   30.762   36.733
  23.939    3.292   25.308
  24.802    3.725   25.407
  24.655    4.596   25.007
  25.251    2.684   19.008
  24.529    3.328   19.079
  23.813    2.809   19.478
  10.970    6.880   35.467
  10.334    6.148   35.425
  10.883    5.372   35.619
  17.313   39.065   25.607
  17.285   38.620   24.745
  16.897   39.294   24.165
  31.804    1.592   32.514
  32.143    1.782   33.403
  32.421    2.709   33.336
  19.332   20.565   22.612
  18.616   21.201   22.459
  17.820   20.648   22.503
  28.911   10.680   -0.038
  28.368    9.877   -0.022
  29.028    9.168    0.032
  19.254   30.032   14.346
  19.634   29.224   13.968
  20.587   29.347   14.104
  21.181   33.571   29.417
  21.455   32.958   30.118
  22.369   33.228   30.299
  15.928   34.015   16.667
  15.418   33.818   17.468
  14.501   33.951   17.181
  19.927   28.500    5.707
  20.145   27.665    5.265
  19.696   27.004    5.815
  13.080   38.049   38.783
  12.455   38.643   38.340
  11.592   38.301   38.621
   2.690   17.208   16.416
   3.020   18.119   16.413
   3.981   18.003   16.474
   8.773   26.521   34.769
   8.057   27.084   34.436
   8.264   27.950   34.821
   1.098    7.113   26.309
   0.834    6.614   27.097
   0.019    6.172   26.812
  11.551   18.201   31.805
  12.101   17.654   31.223
  12.997   17.812   31.559
  33.047   14.140   28.498
  33.420   13.317   28.147
  32.723   12.667   28.329
  10.921   17.880   16.867
  10.169   18.227   17.373
   9.806   18.907   16.785
  24.186   14.513   13.198
  24.928   14.766   13.770
  24.669   15.645   14.087
  36.723   38.810   16.504
  36.772   39.425   17.252
  35.880   39.380   17.630
  19.561   11.991   35.681
  19.200   11.155   35.348
  18.795   10.763   36.138
   9.346   16.558    9.271
   8.840   17.326    9.580
   9.448   17.749   10.207
  38.012   39.090   20.136
  38.680   39.154   20.835
  38.158   39.404   21.613
  14.461   33.878   28.449
  14.935   34.718   28.555
  14.235   35.379   28.440
  37.338   10.359   35.061
  36.642   10.809   34.557
  36.299   10.105   33.984
   9.011   30.388   27.146
   9.139   30.652   26.222
   8.493   30.104   25.748
  31.427   17.001   20.352
  30.480   16.838   20.218
  30.430   15.871   20.172
   7.612   22.287   11.059
   7.731   21.338   10.897
   8.169   21.319   10.032
  13.664   27.006   11.301
  14.009   27.831   11.678
  14.866   27.561   12.045
  36.044    3.672   37.766
  35.717    3.902   36.882
  36.402    3.542   36.296
  39.983   10.295   20.058
  39.279   10.421   19.403
  39.222   11.386   19.326
  11.178   13.149   25.990
  11.235   12.321   26.492
  12.152   12.322   26.808
  10.706   31.207    3.608
  10.501   32.139    3.437
  11.261   32.604    3.821
  34.209    1.781   34.582
  34.584    1.327   35.353
  33.797    0.992   35.812
  27.379   26.407   25.411
  28.060   25.831   25.030
  27.943   25.002   25.521
  24.637   16.518   10.195
  24.978   15.656    9.908
  24.437   15.029   10.413
   3.133   19.497   28.401
   3.838   18.885   28.137
   4.328   19.392   27.470
   1.514   30.678   22.301
   2.443   30.429   22.425
   2.448   29.486   22.200
  32.379    4.959   38.886
  32.397    5.855   39.256
  31.521    6.203   39.026
  37.199   -0.008   11.433
  38.143    0.142   11.268
  38.285    1.039   11.609
   4.520   25.191   10.080
   4.215   24.273   10.145
   5.027   23.763   10.000
  33.140   32.226   19.361
  33.569   31.664   18.698
  33.656   30.814   19.157
  26.614   33.457   12.978
  26.258   33.114   13.813
  26.688   33.674   14.479
  16.965   27.317   20.930
  16.516   26.799   21.615
  16.142   27.481   22.195
  30.709    5.994   13.916
  31.176    6.664   13.394
  30.674    6.683   12.564
   9.175   34.387   22.328
   8.541   34.190   23.035
   8.183   35.065   23.256
  27.868    8.684    1.750
  27.433    7.966    1.264
  27.617    7.188    1.813
   1.707   10.197   27.362
   2.420   10.186   28.020
   1.943   10.081   28.858
  23.089   11.664    9.070
  22.516   12.254    8.554
  22.169   12.862    9.225
   8.513   29.175   20.201
   7.677   29.641   20.040
   7.558   30.162   20.850
  28.244   18.619   10.422
  27.317   18.611   10.708
  27.366   18.217   11.593
  36.319   31.140   16.944
  35.503   31.465   17.355
  35.558   32.424   17.220
  18.323   32.957   31.156
  17.692   33.594   30.785
  18.249   34.142   30.210
  21.589   16.674    6.087
  21.888   16.664    5.164
  21.884   17.604    4.924
  32.800   19.478   15.435
  32.586   18.533   15.477
  33.459   18.110   15.457
  20.000   35.156   12.411
  19.252   34.717   12.846
  18.483   35.177   12.474
  24.089   31.840   14.176
  24.697   31.429   14.811
  24.901   30.576   14.396
   2.173   28.022   24.425
   1.898   27.133   24.699
   0.934   27.161   24.591
  38.656   28.281   21.542
  39.230   28.483   22.297
  40.000   28.900   21.881
  20.277    3.344    1.328
  19.917    4.245    1.336
  18.963    4.098    1.236
  32.659    9.428   37.804
  31.699    9.367   37.929
  31.616    9.091   38.855
  29.158   19.702   23.968
  29.685   20.424   24.344
  29.031   21.128   24.470
   6.702   30.887   38.780
   6.441   30.869   39.714
   5.828   31.617   39.784
  23.020    6.352   30.184
  23.926    6.334   30.532
  24.094    7.264   30.750
  18.470   33.389   18.350
  17.606   33.667   18.008
  17.124   33.916   18.812
  34.679   18.500   13.626
  34.765   19.466   13.625
  35.726   19.599   13.621
  10.278   19.795   25.574
   9.927   18.897   25.676
   9.264   19.001   26.377
  18.845    1.994    2.845
  18.721    1.807    1.901
  17.833    2.156    1.725
  33.285   25.043   10.906
  34.203   25.304   10.734
  34.225   26.229   11.027
   6.109   20.131   21.737
   6.984   20.223   22.146
   6.956   21.118   22.519
  35.365   10.890   28.960
  34.454   11.222   28.931
  33.924   10.414   29.008
   4.364    4.521    9.308
   3.707    4.917    9.901
   3.384    5.677    9.392
   3.922    2.910   34.589
   3.968    3.578   35.291
   3.091    3.524   35.701
  19.820    9.864   20.590
  20.677    9.741   21.028
  21.277   10.278   20.487
  32.267   13.207   15.794
  32.698   12.352   15.642
  32.024   11.714   15.928
  34.667    8.174   14.535
  34.928    7.353   14.980
  35.094    7.642   15.891
  38.130    7.669   18.842
  38.423    7.644   17.917
  37.854    8.304   17.491
  13.573   33.657   35.500
  12.888   33.365   34.878
  12.127   33.196   35.455
  17.995   30.974   26.584
  18.331   30.274   26.002
  19.243   30.153   26.311
  14.382   30.156   37.147
  14.883   30.920   36.822
  14.530   31.046   35.927
  26.790    3.959   30.276
  27.032    4.741   30.796
  27.206    5.410   30.115
  39.955   30.961   38.478
  39.551   30.372   39.135
  38.602   30.528   39.014
  18.489    9.243    3.161
  19.428    9.256    2.920
  19.540   10.136    2.527
  37.592   25.940   16.018
  38.346   25.425   16.345
  39.058   26.082   16.383
  11.077   37.979    3.368
  11.333   37.614    4.230
  11.595   36.706    4.012
  24.475   28.532   27.369
  25.379   28.662   27.042
  25.631   27.777   26.737
   4.459   18.615   21.674
   4.174   19.105   22.461
   3.466   18.548   22.820
   1.925   29.135   11.031
   2.727   29.030   11.567
   2.599   28.163   11.983
  34.193   36.545    8.806
  33.404   36.154    9.214
  33.765   35.400    9.707
   2.851   36.254   21.514
   2.980   35.778   22.349
   3.740   36.233   22.745
   0.998   30.795    1.409
   0.891   31.635    0.937
   0.000   31.561    0.560
  33.920   19.083   27.720
  34.144   19.888   27.227
  35.061   19.728   26.954
  23.764   17.951   28.315
  24.656   18.327   28.383
  24.848   18.597   27.472
   6.665    8.427    7.220
   6.624    9.390    7.321
   7.558    9.642    7.395
  39.364   32.720   34.004
  39.341   33.653   34.269
  38.672   34.031   33.678
  37.867   22.308   33.670
  38.578   22.956   33.544
  39.271   22.436   33.107
  24.666   30.850   11.994
  23.709   31.008   11.991
  23.649   31.976   11.951
  34.097   11.225    7.764
  34.065   12.195    7.774
  35.002   12.444    7.749
  22.120   28.351   22.464
  22.272   27.482   22.061
  22.116   27.648   21.118
  23.007    4.598   35.257
  23.969    4.721   35.228
  24.273    3.941   34.740
  29.335   14.789   11.909
  29.552   15.565   12.450
  29.299   16.307   11.879
   1.362   22.904   29.238
   0.481   23.204   29.512
   0.249   23.852   28.829
  16.416    8.799   28.050
  17.077    9.233   27.488
  17.187   10.099   27.911
  12.780   19.967   29.541
  11.812   19.925   29.584
  11.631   18.977   29.487
  32.713   19.568   22.630
  33.173   19.972   21.877
  32.620   19.717   21.122
   6.827   13.621   35.500
   6.300   13.817   36.290
   6.190   12.945   36.701
  15.233   34.101    6.547
  15.300   35.051    6.363
  14.431   35.387    6.634
  23.167   10.213   33.803
  22.501   10.876   33.563
  21.731   10.612   34.090
  39.097    6.782    4.218
  38.536    7.316    3.634
  38.434    8.145    4.128
  36.507   30.728    6.055
  37.421   30.632    6.363
  37.399   29.795    6.854
  23.841    0.318   32.583
  23.831    0.554   33.524
  24.758    0.439   33.787
  21.201   35.079   24.966
  20.268   35.342   25.000
  20.316   36.311   25.018
  28.867   26.604   27.647
  28.412   26.254   28.429
  29.127   26.175   29.080
   6.887   34.112   28.011
   7.747   33.853   27.644
   8.345   34.533   27.991
  30.383    3.180    5.922
  30.870    3.351    6.743
  31.159    4.271    6.638
   8.968   24.000   27.267
   8.550   24.712   26.758
   7.638   24.399   26.654
   3.730   11.942   11.840
   3.216   11.279   11.354
   2.437   11.151   11.917
  16.289   19.272   39.991
  15.465   19.774   39.894
  15.380   19.871   38.933
   4.520   27.174   35.193
   3.651   27.304   34.784
   3.805   28.046   34.177
  26.461   16.540   37.838
  26.901   17.149   38.451
  26.168   17.476   38.997
  20.112    5.972    9.896
  20.660    6.496   10.501
  21.316    6.896    9.909
  25.780    0.204   25.699
  25.060    0.841   25.823
  25.531    1.666   26.020
   1.118   12.117   36.130
   1.781   12.801   36.312
   2.619   12.324   36.211
   2.850   35.504   30.119
   2.788   35.820   29.205
   2.947   35.017   28.685
  25.032    2.361   21.285
  25.593    3.148   21.203
  24.948    3.872   21.173
  15.371    8.144    7.842
  15.508    7.272    8.246
  16.422    7.322    8.567
   8.704    3.114   16.936
   7.774    2.856   16.847
   7.827    1.902   16.680
  16.519   12.044   21.629
  17.267   12.582   21.935
  17.066   13.459   21.572
  12.957   35.199    8.534
  13.589   34.561    8.900
  14.240   35.129    9.342
  34.788   18.555    6.333
  34.964   17.811    5.737
  34.609   17.052    6.226
  29.040   15.783   23.946
  28.485   15.058   23.621
  29.113   14.506   23.130
  12.940    3.767   31.423
  13.250    3.597   32.326
  12.691    4.180   32.862
